0 0.000000
1 1.000000
2 3.000000
3 6.000000
4 10.000000
5 15.000000
6 21.000000
7 28.000000
8 36.000000
9 45.000000
10 55.000000
11 66.000000
12 78.000000
13 91.000000
14 105.000000
15 120.000000
16 136.000000
17 153.000000
18 171.000000
19 190.000000
20 210.000000
21 231.000000
22 253.000000
23 276.000000
24 300.000000
25 325.000000
26 351.000000
27 378.000000
28 406.000000
29 435.000000
30 465.000000
31 496.000000
32 528.000000
33 561.000000
34 595.000000
35 630.000000
36 666.000000
37 703.000000
38 741.000000
39 780.000000
40 820.000000
41 861.000000
42 903.000000
43 946.000000
44 990.000000
45 1035.000000
46 1081.000000
47 1128.000000
48 1176.000000
49 1225.000000
50 1275.000000
51 1326.000000
52 1378.000000
53 1431.000000
54 1485.000000
55 1540.000000
56 1596.000000
57 1653.000000
58 1711.000000
59 1770.000000
60 1830.000000
61 1891.000000
62 1953.000000
63 2016.000000
64 2080.000000
65 2145.000000
66 2211.000000
67 2278.000000
68 2346.000000
69 2415.000000
70 2485.000000
71 2556.000000
72 2628.000000
73 2701.000000
74 2775.000000
75 2850.000000
76 2926.000000
77 3003.000000
78 3081.000000
79 3160.000000
80 3240.000000
81 3321.000000
82 3403.000000
83 3486.000000
84 3570.000000
85 3655.000000
86 3741.000000
87 3828.000000
88 3916.000000
89 4005.000000
90 4095.000000
91 4186.000000
92 4278.000000
93 4371.000000
94 4465.000000
95 4560.000000
96 4656.000000
97 4753.000000
98 4851.000000
99 4950.000000
100 5050.000000
101 5151.000000
102 5253.000000
103 5356.000000
104 5460.000000
105 5565.000000
106 5671.000000
107 5778.000000
108 5886.000000
109 5995.000000
110 6105.000000
111 6216.000000
112 6328.000000
113 6441.000000
114 6555.000000
115 6670.000000
116 6786.000000
117 6903.000000
118 7021.000000
119 7140.000000
120 7260.000000
121 7381.000000
122 7503.000000
123 7626.000000
124 7750.000000
125 7875.000000
126 8001.000000
127 8128.000000
128 8256.000000
129 8385.000000
130 8515.000000
131 8646.000000
132 8778.000000
133 8911.000000
134 9045.000000
135 9180.000000
136 9316.000000
137 9453.000000
138 9591.000000
139 9730.000000
140 9870.000000
141 10011.000000
142 10153.000000
143 10296.000000
144 10440.000000
145 10585.000000
146 10731.000000
147 10878.000000
148 11026.000000
149 11175.000000
150 11325.000000
151 11476.000000
152 11628.000000
153 11781.000000
154 11935.000000
155 12090.000000
156 12246.000000
157 12403.000000
158 12561.000000
159 12720.000000
160 12880.000000
161 13041.000000
162 13203.000000
163 13366.000000
164 13530.000000
165 13695.000000
166 13861.000000
167 14028.000000
168 14196.000000
169 14365.000000
170 14535.000000
171 14706.000000
172 14878.000000
173 15051.000000
174 15225.000000
175 15400.000000
176 15576.000000
177 15753.000000
178 15931.000000
179 16110.000000
180 16290.000000
181 16471.000000
182 16653.000000
183 16836.000000
184 17020.000000
185 17205.000000
186 17391.000000
187 17578.000000
188 17766.000000
189 17955.000000
190 18145.000000
191 18336.000000
192 18528.000000
193 18721.000000
194 18915.000000
195 19110.000000
196 19306.000000
197 19503.000000
198 19701.000000
199 19900.000000
200 20100.000000
201 20301.000000
202 20503.000000
203 20706.000000
204 20910.000000
205 21115.000000
206 21321.000000
207 21528.000000
208 21736.000000
209 21945.000000
210 22155.000000
211 22366.000000
212 22578.000000
213 22791.000000
214 23005.000000
215 23220.000000
216 23436.000000
217 23653.000000
218 23871.000000
219 24090.000000
220 24310.000000
221 24531.000000
222 24753.000000
223 24976.000000
224 25200.000000
225 25425.000000
226 25651.000000
227 25878.000000
228 26106.000000
229 26335.000000
230 26565.000000
231 26796.000000
232 27028.000000
233 27261.000000
234 27495.000000
235 27730.000000
236 27966.000000
237 28203.000000
238 28441.000000
239 28680.000000
240 28920.000000
241 29161.000000
242 29403.000000
243 29646.000000
244 29890.000000
245 30135.000000
246 30381.000000
247 30628.000000
248 30876.000000
249 31125.000000
250 31375.000000
251 31626.000000
252 31878.000000
253 32131.000000
254 32385.000000
255 32640.000000
256 32896.000000
257 33153.000000
258 33411.000000
259 33670.000000
260 33930.000000
261 34191.000000
262 34453.000000
263 34716.000000
264 34980.000000
265 35245.000000
266 35511.000000
267 35778.000000
268 36046.000000
269 36315.000000
270 36585.000000
271 36856.000000
272 37128.000000
273 37401.000000
274 37675.000000
275 37950.000000
276 38226.000000
277 38503.000000
278 38781.000000
279 39060.000000
280 39340.000000
281 39621.000000
282 39903.000000
283 40186.000000
284 40470.000000
285 40755.000000
286 41041.000000
287 41328.000000
288 41616.000000
289 41905.000000
290 42195.000000
291 42486.000000
292 42778.000000
293 43071.000000
294 43365.000000
295 43660.000000
296 43956.000000
297 44253.000000
298 44551.000000
299 44850.000000
300 45150.000000
301 45451.000000
302 45753.000000
303 46056.000000
304 46360.000000
305 46665.000000
306 46971.000000
307 47278.000000
308 47586.000000
309 47895.000000
310 48205.000000
311 48516.000000
312 48828.000000
313 49141.000000
314 49455.000000
315 49770.000000
316 50086.000000
317 50403.000000
318 50721.000000
319 51040.000000
320 51360.000000
321 51681.000000
322 52003.000000
323 52326.000000
324 52650.000000
325 52975.000000
326 53301.000000
327 53628.000000
328 53956.000000
329 54285.000000
330 54615.000000
331 54946.000000
332 55278.000000
333 55611.000000
334 55945.000000
335 56280.000000
336 56616.000000
337 56953.000000
338 57291.000000
339 57630.000000
340 57970.000000
341 58311.000000
342 58653.000000
343 58996.000000
344 59340.000000
345 59685.000000
346 60031.000000
347 60378.000000
348 60726.000000
349 61075.000000
350 61425.000000
351 61776.000000
352 62128.000000
353 62481.000000
354 62835.000000
355 63190.000000
356 63546.000000
357 63903.000000
358 64261.000000
359 64620.000000
360 64980.000000
361 65341.000000
362 65703.000000
363 66066.000000
364 66430.000000
365 66795.000000
366 67161.000000
367 67528.000000
368 67896.000000
369 68265.000000
370 68635.000000
371 69006.000000
372 69378.000000
373 69751.000000
374 70125.000000
375 70500.000000
376 70876.000000
377 71253.000000
378 71631.000000
379 72010.000000
380 72390.000000
381 72771.000000
382 73153.000000
383 73536.000000
384 73920.000000
385 74305.000000
386 74691.000000
387 75078.000000
388 75466.000000
389 75855.000000
390 76245.000000
391 76636.000000
392 77028.000000
393 77421.000000
394 77815.000000
395 78210.000000
396 78606.000000
397 79003.000000
398 79401.000000
399 79800.000000
400 80200.000000
401 80601.000000
402 81003.000000
403 81406.000000
404 81810.000000
405 82215.000000
406 82621.000000
407 83028.000000
408 83436.000000
409 83845.000000
410 84255.000000
411 84666.000000
412 85078.000000
413 85491.000000
414 85905.000000
415 86320.000000
416 86736.000000
417 87153.000000
418 87571.000000
419 87990.000000
420 88410.000000
421 88831.000000
422 89253.000000
423 89676.000000
424 90100.000000
425 90525.000000
426 90951.000000
427 91378.000000
428 91806.000000
429 92235.000000
430 92665.000000
431 93096.000000
432 93528.000000
433 93961.000000
434 94395.000000
435 94830.000000
436 95266.000000
437 95703.000000
438 96141.000000
439 96580.000000
440 97020.000000
441 97461.000000
442 97903.000000
443 98346.000000
444 98790.000000
445 99235.000000
446 99681.000000
447 100128.000000
448 100576.000000
449 101025.000000
450 101475.000000
451 101926.000000
452 102378.000000
453 102831.000000
454 103285.000000
455 103740.000000
456 104196.000000
457 104653.000000
458 105111.000000
459 105570.000000
460 106030.000000
461 106491.000000
462 106953.000000
463 107416.000000
464 107880.000000
465 108345.000000
466 108811.000000
467 109278.000000
468 109746.000000
469 110215.000000
470 110685.000000
471 111156.000000
472 111628.000000
473 112101.000000
474 112575.000000
475 113050.000000
476 113526.000000
477 114003.000000
478 114481.000000
479 114960.000000
480 115440.000000
481 115921.000000
482 116403.000000
483 116886.000000
484 117370.000000
485 117855.000000
486 118341.000000
487 118828.000000
488 119316.000000
489 119805.000000
490 120295.000000
491 120786.000000
492 121278.000000
493 121771.000000
494 122265.000000
495 122760.000000
496 123256.000000
497 123753.000000
498 124251.000000
499 124750.000000
