0 1.000000
1 0.800000
2 0.800000
3 1.000000
4 1.600000
5 1.400000
6 1.800000
7 1.600000
8 1.800000
9 2.000000
10 2.400000
11 2.600000
12 2.800000
13 3.400000
14 3.400000
15 3.600000
16 4.000000
17 4.000000
18 4.600000
19 5.000000
20 5.200000
21 5.200000
22 6.000000
23 6.200000
24 6.400000
25 7.000000
26 7.200000
27 7.600000
28 7.800000
29 8.200000
30 8.800000
31 9.200000
32 10.000000
33 10.000000
34 11.000000
35 10.400000
36 11.400000
37 11.800000
38 12.400000
39 13.400000
40 13.800000
41 14.200000
42 14.400000
43 15.400000
44 16.000000
45 16.000000
46 16.800000
47 17.200000
48 17.800000
49 18.800000
50 19.800000
51 19.400000
52 20.400000
53 21.200000
54 21.400000
55 22.200000
56 12.600000
57 7.000000
58 7.800000
59 7.800000
60 8.000000
61 8.000000
62 8.600000
63 8.600000
64 8.600000
65 8.800000
66 9.600000
67 9.200000
68 10.000000
69 10.000000
70 10.800000
71 10.600000
72 11.000000
73 11.000000
74 11.000000
75 11.200000
76 11.400000
77 12.000000
78 12.400000
79 12.600000
80 12.600000
81 13.000000
82 13.400000
83 14.800000
84 13.800000
85 14.000000
86 14.000000
87 14.600000
88 14.200000
89 14.600000
90 14.800000
91 15.200000
92 15.600000
93 15.800000
94 16.400000
95 16.400000
96 16.800000
97 17.000000
98 17.400000
99 17.000000
100 18.000000
101 18.600000
102 18.400000
103 19.000000
104 19.600000
105 19.400000
106 20.000000
107 20.000000
108 22.800000
109 19.800000
110 20.200000
111 20.800000
112 21.000000
113 21.200000
114 22.200000
115 23.000000
116 22.600000
117 22.600000
118 22.800000
119 23.600000
120 23.800000
121 24.000000
122 24.200000
123 24.800000
124 25.400000
125 25.600000
126 26.000000
127 26.200000
128 26.200000
129 26.800000
130 27.200000
131 27.600000
132 27.600000
133 28.600000
134 28.400000
135 29.000000
136 29.200000
137 29.600000
138 30.200000
139 30.200000
140 30.800000
141 31.600000
142 33.200000
143 36.200000
144 31.600000
145 32.400000
146 32.400000
147 33.000000
148 33.200000
149 33.600000
150 33.800000
151 34.200000
152 34.800000
153 35.200000
154 35.600000
155 36.000000
156 36.400000
157 36.600000
158 37.200000
159 38.000000
160 38.000000
161 38.600000
162 38.600000
163 40.200000
164 41.600000
165 39.000000
166 39.400000
167 39.800000
168 40.200000
169 40.400000
170 40.800000
171 41.600000
172 41.600000
173 42.200000
174 43.000000
175 43.400000
176 43.400000
177 44.400000
178 46.000000
179 43.800000
180 43.600000
181 45.200000
182 44.600000
183 46.400000
184 46.000000
185 46.400000
186 52.200000
187 48.600000
188 48.000000
189 48.600000
190 51.000000
191 47.800000
192 48.000000
193 49.000000
194 48.800000
195 49.800000
196 52.400000
197 50.400000
198 55.600000
199 76.200000
200 62.200000
201 53.400000
202 53.000000
203 53.600000
204 53.800000
205 54.200000
206 55.000000
207 54.800000
208 55.800000
209 55.400000
210 57.400000
211 56.400000
212 57.600000
213 58.000000
214 58.400000
215 59.200000
216 59.600000
217 60.000000
218 60.800000
219 61.000000
220 61.200000
221 61.600000
222 63.200000
223 62.800000
224 63.400000
225 64.600000
226 64.800000
227 64.800000
228 66.000000
229 66.000000
230 67.200000
231 67.000000
232 67.600000
233 68.200000
234 69.800000
235 69.800000
236 70.000000
237 70.000000
238 70.800000
239 75.800000
240 72.400000
241 72.400000
242 73.600000
243 73.400000
244 75.000000
245 75.000000
246 76.000000
247 76.200000
248 76.600000
249 77.400000
250 78.200000
251 78.000000
252 79.000000
253 79.400000
254 80.800000
255 80.400000
256 81.200000
257 81.400000
258 82.600000
259 82.800000
260 83.600000
261 84.000000
262 84.800000
263 85.400000
264 85.600000
265 86.200000
266 87.400000
267 87.600000
268 91.000000
269 86.600000
270 87.200000
271 87.400000
272 89.000000
273 89.000000
274 89.600000
275 90.600000
276 90.600000
277 91.400000
278 92.000000
279 92.600000
280 92.800000
281 94.200000
282 94.600000
283 94.600000
284 95.800000
285 96.400000
286 96.800000
287 97.800000
288 97.600000
289 99.600000
290 99.600000
291 100.200000
292 101.000000
293 101.200000
294 103.600000
295 103.000000
296 103.600000
297 104.200000
298 104.400000
299 105.600000
300 105.800000
301 106.600000
302 107.400000
303 108.400000
304 107.800000
305 109.200000
306 109.400000
307 116.000000
308 111.000000
309 111.800000
310 113.200000
311 113.400000
312 113.800000
313 114.400000
314 115.200000
315 115.800000
316 116.400000
317 117.600000
318 118.200000
319 118.800000
320 118.800000
321 119.800000
322 121.200000
323 121.800000
324 121.800000
325 123.200000
326 124.000000
327 124.000000
328 124.800000
329 125.400000
330 127.000000
331 127.000000
332 127.400000
333 128.800000
334 129.600000
335 129.600000
336 130.600000
337 131.400000
338 132.000000
339 132.600000
340 133.800000
341 134.800000
342 135.000000
343 135.600000
344 135.800000
345 137.400000
346 138.000000
347 138.800000
348 139.800000
349 140.400000
350 140.800000
351 142.600000
352 142.800000
353 144.200000
354 143.800000
355 143.600000
356 145.600000
357 146.000000
358 146.800000
359 147.200000
360 148.200000
361 149.200000
362 150.000000
363 151.400000
364 151.800000
365 152.200000
366 153.000000
367 154.200000
368 155.200000
369 155.800000
370 156.600000
371 157.200000
372 157.600000
373 159.200000
374 159.800000
375 160.200000
376 161.000000
377 162.600000
378 163.200000
379 164.000000
380 164.400000
381 165.400000
382 166.000000
383 166.600000
384 168.200000
385 168.400000
386 169.600000
387 170.000000
388 171.200000
389 171.600000
390 172.400000
391 173.200000
392 175.600000
393 175.000000
394 175.600000
395 177.200000
396 178.400000
397 178.400000
398 179.000000
399 180.600000
400 181.800000
401 181.600000
402 182.800000
403 183.600000
404 184.800000
405 185.600000
406 186.400000
407 186.600000
408 187.600000
409 189.600000
410 189.600000
411 190.000000
412 191.600000
413 192.000000
414 193.200000
415 194.000000
416 195.000000
417 196.200000
418 197.000000
419 197.400000
420 198.600000
421 200.200000
422 199.800000
423 201.400000
424 201.400000
425 203.000000
426 203.600000
427 204.600000
428 205.400000
429 206.200000
430 207.000000
431 207.800000
432 209.000000
433 210.400000
434 210.600000
435 212.000000
436 213.400000
437 213.600000
438 214.400000
439 217.000000
440 216.800000
441 217.600000
442 219.200000
443 219.800000
444 220.000000
445 221.600000
446 222.600000
447 224.000000
448 224.800000
449 225.200000
450 225.600000
451 227.400000
452 227.200000
453 229.400000
454 229.800000
455 231.000000
456 232.200000
457 233.000000
458 234.000000
459 234.800000
460 236.000000
461 236.200000
462 237.400000
463 239.200000
464 239.200000
465 240.400000
466 241.400000
467 242.600000
468 242.800000
469 244.800000
470 245.400000
471 246.200000
472 247.800000
473 249.000000
474 249.600000
475 250.400000
476 251.200000
477 251.600000
478 252.800000
479 254.200000
480 255.200000
481 256.200000
482 258.000000
483 258.600000
484 259.200000
485 261.000000
486 261.200000
487 262.600000
488 263.600000
489 264.400000
490 266.000000
491 267.000000
492 267.400000
493 268.400000
494 270.200000
495 270.200000
496 272.000000
497 273.000000
498 273.800000
499 274.800000
500 275.800000
501 277.000000
502 278.600000
503 283.800000
504 280.600000
505 281.600000
506 282.800000
507 283.800000
508 285.000000
509 285.000000
510 286.000000
511 287.800000
512 288.600000
513 289.600000
514 290.200000
515 292.200000
516 292.800000
517 294.600000
518 295.600000
519 296.200000
520 297.400000
521 298.800000
522 299.600000
523 300.600000
524 301.800000
525 303.000000
526 303.800000
527 304.800000
528 306.400000
529 307.600000
530 308.400000
531 310.000000
532 310.400000
533 311.000000
534 313.400000
535 313.600000
536 314.800000
537 317.200000
538 316.600000
539 319.400000
540 320.000000
541 320.200000
542 321.600000
543 323.400000
544 324.000000
545 324.800000
546 325.800000
547 327.200000
548 328.400000
549 329.800000
550 331.400000
551 332.000000
552 332.600000
553 334.400000
554 335.800000
555 336.400000
556 338.000000
557 339.600000
558 339.800000
559 340.400000
560 342.000000
561 343.200000
562 345.000000
563 346.400000
564 346.800000
565 349.000000
566 349.000000
567 350.400000
568 351.000000
569 353.600000
570 353.400000
571 355.400000
572 356.600000
573 358.800000
574 359.200000
575 360.600000
576 361.800000
577 362.400000
578 363.200000
579 365.200000
580 367.000000
581 367.000000
582 369.200000
583 369.000000
584 370.600000
585 371.200000
586 373.000000
587 375.000000
588 376.200000
589 376.600000
590 377.600000
591 379.600000
592 381.000000
593 381.800000
594 383.600000
595 383.800000
596 385.400000
597 387.400000
598 387.800000
599 388.600000
600 390.600000
601 391.600000
602 392.800000
603 394.000000
604 395.400000
605 397.000000
606 397.400000
607 400.200000
608 400.600000
609 402.000000
610 402.800000
611 404.200000
612 405.200000
613 407.200000
614 407.800000
615 409.200000
616 411.400000
617 411.400000
618 414.400000
619 414.800000
620 415.400000
621 416.800000
622 418.200000
623 420.400000
624 421.000000
625 422.600000
626 423.600000
627 425.400000
628 426.600000
629 428.200000
630 429.200000
631 430.400000
632 431.000000
633 432.200000
634 434.000000
635 435.600000
636 436.800000
637 438.200000
638 439.000000
639 447.400000
640 443.200000
641 442.200000
642 446.600000
643 446.200000
644 446.800000
645 447.400000
646 449.800000
647 452.200000
648 452.600000
649 453.800000
650 455.600000
651 456.200000
652 457.800000
653 460.400000
654 461.600000
655 462.600000
656 464.400000
657 464.600000
658 466.000000
659 468.400000
660 468.800000
661 469.200000
662 471.600000
663 473.200000
664 475.000000
665 475.400000
666 477.400000
667 477.800000
668 479.800000
669 481.200000
670 482.400000
671 483.600000
672 485.600000
673 487.200000
674 488.200000
675 549.000000
676 491.400000
677 492.800000
678 493.600000
679 502.000000
680 497.400000
681 496.800000
682 499.800000
683 501.800000
684 502.000000
685 503.800000
686 504.800000
687 506.000000
688 509.400000
689 508.600000
690 511.000000
691 512.200000
692 512.000000
693 515.000000
694 516.600000
695 517.800000
696 519.800000
697 520.200000
698 522.600000
699 523.400000
700 524.800000
701 527.200000
702 528.000000
703 529.200000
704 530.600000
705 532.000000
706 534.000000
707 533.600000
708 535.600000
709 537.600000
710 538.800000
711 541.400000
712 542.600000
713 543.400000
714 545.400000
715 547.200000
716 549.200000
717 549.000000
718 551.400000
719 552.800000
720 553.600000
721 556.200000
722 556.400000
723 559.400000
724 559.200000
725 562.000000
726 563.200000
727 564.000000
728 566.200000
729 567.400000
730 569.200000
731 570.400000
732 572.400000
733 574.800000
734 575.000000
735 577.400000
736 578.400000
737 580.200000
738 581.800000
739 582.200000
740 584.800000
741 586.000000
742 587.000000
743 589.000000
744 591.000000
745 591.800000
746 593.000000
747 594.200000
748 596.000000
749 598.000000
750 598.400000
751 601.000000
752 602.800000
753 604.400000
754 606.000000
755 606.200000
756 609.800000
757 610.000000
758 611.200000
759 613.200000
760 615.400000
761 616.800000
762 618.200000
763 620.600000
764 622.200000
765 622.200000
766 624.600000
767 626.600000
768 628.600000
769 628.800000
770 630.000000
771 631.400000
772 634.600000
773 636.200000
774 636.200000
775 638.800000
776 639.800000
777 641.000000
778 643.200000
779 648.400000
780 647.400000
781 648.200000
782 650.600000
783 652.200000
784 652.400000
785 654.200000
786 657.400000
787 658.600000
788 659.200000
789 660.400000
790 664.000000
791 663.400000
792 665.200000
793 667.000000
794 668.400000
795 670.000000
796 673.200000
797 673.400000
798 675.200000
799 678.400000
800 678.400000
801 680.400000
802 682.200000
803 682.600000
804 685.800000
805 686.000000
806 687.800000
807 689.800000
808 691.800000
809 693.600000
810 695.800000
811 696.600000
812 698.400000
813 700.200000
814 702.400000
815 702.600000
816 705.400000
817 706.600000
818 708.200000
819 709.200000
820 711.800000
821 712.800000
822 716.600000
823 717.000000
824 718.200000
825 720.000000
826 722.000000
827 724.000000
828 728.600000
829 727.600000
830 728.800000
831 729.800000
832 732.000000
833 734.000000
834 735.000000
835 737.200000
836 739.000000
837 740.800000
838 764.800000
839 752.400000
840 754.800000
841 769.000000
842 752.400000
843 777.600000
844 794.600000
845 762.000000
846 756.600000
847 762.600000
848 773.200000
849 762.000000
850 763.400000
851 764.000000
852 770.200000
853 768.400000
854 769.400000
855 771.600000
856 779.400000
857 775.600000
858 777.600000
859 811.000000
860 780.400000
861 781.400000
862 846.400000
863 787.200000
864 797.600000
865 789.200000
866 790.200000
867 792.400000
868 795.000000
869 796.400000
870 798.200000
871 799.800000
872 801.200000
873 804.400000
874 806.200000
875 806.400000
876 808.800000
877 810.800000
878 812.200000
879 814.000000
880 815.000000
881 817.400000
882 819.000000
883 821.200000
884 823.400000
885 824.800000
886 828.200000
887 829.200000
888 830.400000
889 831.400000
890 833.600000
891 835.800000
892 838.000000
893 839.200000
894 841.800000
895 842.000000
896 845.200000
897 847.400000
898 847.600000
899 849.800000
900 851.000000
901 853.600000
902 855.400000
903 857.200000
904 859.400000
905 862.200000
906 863.200000
907 864.000000
908 868.000000
909 868.400000
910 871.400000
911 872.600000
912 873.400000
913 875.600000
914 878.200000
915 879.600000
916 882.800000
917 883.800000
918 886.200000
919 887.800000
920 888.400000
921 891.800000
922 892.800000
923 895.200000
924 896.600000
925 898.600000
926 900.000000
927 901.600000
928 904.400000
929 906.400000
930 906.400000
931 908.200000
932 911.800000
933 913.000000
934 915.600000
935 917.400000
936 919.400000
937 922.200000
938 924.400000
939 924.400000
940 927.600000
941 929.000000
942 929.800000
943 933.200000
944 934.200000
945 936.200000
946 938.400000
947 940.200000
948 943.000000
949 943.600000
950 945.800000
951 947.800000
952 949.800000
953 953.000000
954 953.800000
955 955.800000
956 958.400000
957 959.000000
958 962.000000
959 964.400000
960 965.200000
961 967.600000
962 968.800000
963 971.200000
964 973.400000
965 976.200000
966 976.800000
967 980.400000
968 987.600000
969 983.800000
970 991.200000
971 992.800000
972 995.200000
973 990.200000
974 999.400000
975 1001.000000
976 997.400000
977 1006.600000
978 1006.200000
979 1008.000000
980 1005.600000
981 1014.200000
982 1015.400000
983 1010.200000
984 1012.800000
985 1021.600000
986 1023.200000
987 1024.400000
988 1021.200000
989 1028.400000
990 1031.600000
991 1031.800000
992 1029.000000
993 1082.800000
994 1033.200000
995 1048.200000
996 1038.000000
997 1038.600000
998 1042.000000
999 1044.000000
1000 1046.200000
1001 1046.600000
1002 1050.400000
1003 1051.200000
1004 1052.800000
1005 1055.600000
1006 1057.000000
1007 1059.400000
1008 1060.600000
1009 1063.600000
1010 1071.600000
1011 1067.200000
1012 1068.400000
1013 1073.000000
1014 1072.800000
1015 1082.200000
1016 1084.800000
1017 1083.800000
1018 1081.000000
1019 1090.800000
1020 1091.800000
1021 1093.400000
1022 1089.200000
1023 1098.400000
1024 1102.600000
1025 1102.000000
1026 1106.200000
1027 1101.000000
1028 1109.400000
1029 1111.600000
1030 1114.200000
1031 1115.200000
1032 1118.800000
1033 1113.400000
1034 1121.400000
1035 1123.000000
1036 1124.800000
1037 1128.200000
1038 1123.800000
1039 1132.600000
1040 1133.000000
1041 1138.200000
1042 1132.400000
1043 1134.000000
1044 1135.000000
1045 1138.800000
1046 1140.800000
1047 1147.800000
1048 1150.400000
1049 1153.000000
1050 1148.800000
1051 1151.600000
1052 1159.400000
1053 1154.600000
1054 1157.800000
1055 1160.400000
1056 1162.600000
1057 1164.600000
1058 1165.800000
1059 1175.400000
1060 1170.400000
1061 1174.200000
1062 1173.000000
1063 1175.200000
1064 1185.600000
1065 1188.600000
1066 1181.400000
1067 1185.600000
1068 1187.600000
1069 1196.800000
1070 1191.400000
1071 1194.600000
1072 1202.400000
1073 1197.800000
1074 1200.200000
1075 1202.800000
1076 1209.800000
1077 1205.200000
1078 1212.000000
1079 1211.200000
1080 1219.400000
1081 1221.800000
1082 1218.600000
1083 1218.600000
1084 1326.200000
1085 1881.000000
1086 1854.400000
1087 1240.800000
1088 1231.600000
1089 1233.200000
1090 1242.400000
1091 1243.800000
1092 1245.400000
1093 1242.600000
1094 1249.400000
1095 1294.800000
1096 1249.800000
1097 1258.600000
1098 1259.400000
1099 1259.400000
1100 1257.000000
1101 1266.400000
1102 1261.600000
1103 1269.200000
1104 1265.400000
1105 1269.400000
1106 1277.200000
1107 1273.000000
1108 1276.600000
1109 1277.600000
1110 1286.000000
1111 1288.600000
1112 1284.200000
1113 1292.000000
1114 1295.200000
1115 1296.800000
1116 1292.800000
1117 1301.400000
1118 1300.000000
1119 1307.400000
1120 1301.000000
1121 1305.400000
1122 1306.600000
1123 1308.200000
1124 1312.400000
1125 1314.400000
1126 1315.200000
1127 1318.800000
1128 1320.200000
1129 1322.200000
1130 1325.800000
1131 1329.400000
1132 1328.600000
1133 1331.600000
1134 1334.000000
1135 1336.200000
1136 1338.600000
1137 1340.800000
1138 1342.800000
1139 1345.800000
1140 1347.400000
1141 1353.000000
1142 1352.200000
1143 1354.800000
1144 1357.400000
1145 1358.800000
1146 1360.400000
1147 1363.400000
1148 1366.800000
1149 1369.200000
1150 1372.400000
1151 1374.000000
1152 1375.600000
1153 1377.400000
1154 1379.800000
1155 1382.400000
1156 1384.400000
1157 1388.000000
1158 1389.600000
1159 1392.600000
1160 1395.000000
1161 1396.600000
1162 1398.800000
1163 1400.400000
1164 1404.400000
1165 1405.000000
1166 1409.800000
1167 1411.200000
1168 1413.200000
1169 1414.400000
1170 1416.800000
1171 1420.200000
1172 1422.800000
1173 1426.600000
1174 1427.800000
1175 1429.000000
1176 1431.600000
1177 1434.000000
1178 1437.400000
1179 1439.400000
1180 1441.200000
1181 1442.000000
1182 1446.000000
1183 1491.600000
1184 1451.000000
1185 1462.400000
1186 1455.200000
1187 1457.200000
1188 1459.800000
1189 1463.600000
1190 1464.600000
1191 1468.600000
1192 1471.000000
1193 1475.800000
1194 1475.000000
1195 1477.200000
1196 1480.000000
1197 1484.800000
1198 1483.800000
1199 1487.400000
1200 1488.800000
1201 1491.000000
1202 1494.400000
1203 1497.400000
1204 1501.000000
1205 1501.800000
1206 1504.200000
1207 1507.600000
1208 1510.200000
1209 1511.000000
1210 1515.200000
1211 1516.600000
1212 1516.800000
1213 1519.200000
1214 1523.000000
1215 1526.400000
1216 1535.000000
1217 1533.200000
1218 1534.400000
1219 1541.200000
1220 1537.800000
1221 1542.000000
1222 1543.600000
1223 1546.000000
1224 1548.000000
1225 1552.200000
1226 1553.000000
1227 1555.000000
1228 1558.400000
1229 1560.400000
1230 1563.800000
1231 1564.600000
1232 1568.400000
1233 1570.600000
1234 1572.600000
1235 1575.600000
1236 1577.200000
1237 1580.800000
1238 1582.400000
1239 1584.200000
1240 1587.400000
1241 1599.600000
1242 1591.600000
1243 1593.600000
1244 1599.200000
1245 1599.400000
1246 1602.200000
1247 1604.400000
1248 1607.600000
1249 1610.000000
1250 1619.200000
1251 1615.800000
1252 1618.400000
1253 1621.200000
1254 1629.800000
1255 1625.600000
1256 1627.000000
1257 1629.800000
1258 1640.600000
1259 1635.200000
1260 1685.600000
1261 1643.200000
1262 1651.200000
1263 1644.600000
1264 1650.200000
1265 1653.000000
1266 1653.800000
1267 1658.400000
1268 1659.000000
1269 1661.400000
1270 1663.400000
1271 1667.200000
1272 1669.800000
1273 1672.800000
1274 1675.000000
1275 1677.000000
1276 1678.400000
1277 1681.800000
1278 1684.000000
1279 1686.400000
1280 1689.600000
1281 1691.800000
1282 1694.400000
1283 1696.400000
1284 1708.400000
1285 1702.800000
1286 1712.400000
1287 1711.800000
1288 1709.000000
1289 1714.400000
1290 1714.400000
1291 1717.600000
1292 1719.400000
1293 1723.000000
1294 1725.000000
1295 1728.400000
1296 1729.400000
1297 1731.800000
1298 1736.200000
1299 1738.000000
1300 1741.000000
1301 1744.200000
1302 1753.800000
1303 1749.600000
1304 1751.800000
1305 1753.400000
1306 1756.200000
1307 1758.000000
1308 1763.400000
1309 1764.800000
1310 1778.600000
1311 1769.800000
1312 1772.800000
1313 1775.200000
1314 1778.400000
1315 1787.600000
1316 1783.800000
1317 1786.000000
1318 1788.600000
1319 1791.400000
1320 1794.000000
1321 1796.600000
1322 1798.000000
1323 1801.000000
1324 1803.800000
1325 1806.200000
1326 1810.600000
1327 1819.000000
1328 1814.600000
1329 1866.600000
1330 1828.800000
1331 1822.600000
1332 1827.200000
1333 1830.600000
1334 1833.000000
1335 1835.400000
1336 1840.200000
1337 1841.200000
1338 1842.600000
1339 1846.400000
1340 1847.600000
1341 1850.800000
1342 1855.400000
1343 1857.600000
1344 1860.800000
1345 1862.200000
1346 1865.400000
1347 1867.000000
1348 1871.800000
1349 1872.800000
1350 1877.000000
1351 1877.400000
1352 1881.400000
1353 1884.200000
1354 1885.800000
1355 1888.600000
1356 1893.600000
1357 1895.800000
1358 1897.600000
1359 1899.800000
1360 1901.000000
1361 1907.200000
1362 1907.600000
1363 1909.000000
1364 1914.400000
1365 1916.200000
1366 1919.400000
1367 1922.600000
1368 1924.000000
1369 1927.600000
1370 1930.600000
1371 1934.800000
1372 1938.000000
1373 1939.200000
1374 1943.400000
1375 1944.600000
1376 1948.200000
1377 1950.400000
1378 1951.400000
1379 1956.400000
1380 1958.000000
1381 1960.200000
1382 1964.400000
1383 1967.600000
1384 1969.000000
1385 1971.000000
1386 1975.800000
1387 1977.200000
1388 1980.000000
1389 1982.000000
1390 1986.600000
1391 1988.000000
1392 2035.400000
1393 2003.400000
1394 1995.000000
1395 1998.800000
1396 2001.000000
1397 2002.800000
1398 2006.000000
1399 2010.400000
1400 2012.600000
1401 2015.400000
1402 2019.000000
1403 2020.600000
1404 2022.800000
1405 2026.000000
1406 2028.400000
1407 2032.200000
1408 2034.400000
1409 2038.200000
1410 2039.400000
1411 2042.200000
1412 2044.600000
1413 2050.000000
1414 2051.400000
1415 2056.200000
1416 2058.600000
1417 2061.400000
1418 2066.200000
1419 2065.000000
1420 2070.400000
1421 2071.200000
1422 2075.200000
1423 2079.000000
1424 2084.200000
1425 2083.400000
1426 2087.800000
1427 2091.400000
1428 2102.600000
1429 2104.600000
1430 2113.800000
1431 2111.000000
1432 2119.800000
1433 2115.600000
1434 2125.800000
1435 2778.600000
1436 2387.000000
1437 2300.200000
1438 2137.400000
1439 2231.400000
1440 2218.200000
1441 2131.000000
1442 2207.200000
1443 2208.600000
1444 2157.200000
1445 2147.600000
1446 2143.200000
1447 2205.800000
1448 2210.000000
1449 2160.200000
1450 2153.800000
1451 2158.600000
1452 2160.000000
1453 2162.200000
1454 2167.600000
1455 2169.800000
1456 2171.200000
1457 2174.400000
1458 2176.800000
1459 2181.400000
1460 2184.000000
1461 2193.400000
1462 2270.800000
1463 2363.800000
1464 2243.800000
1465 2404.000000
1466 2203.800000
1467 2206.800000
1468 2208.400000
1469 2213.800000
1470 2215.400000
1471 2215.600000
1472 2219.400000
1473 2223.600000
1474 2225.400000
1475 2229.800000
1476 2230.800000
1477 2236.800000
1478 2236.000000
1479 2239.600000
1480 2242.200000
1481 2245.800000
1482 2250.200000
1483 2252.200000
1484 2260.400000
1485 2257.600000
1486 2260.400000
1487 2264.400000
1488 2265.600000
1489 2269.400000
1490 2272.800000
1491 2274.000000
1492 2287.200000
1493 2289.600000
1494 2285.400000
1495 2289.400000
1496 2290.800000
1497 2294.000000
1498 2295.600000
1499 2299.000000
1500 2302.000000
1501 2305.800000
1502 2310.200000
1503 2313.200000
1504 2312.800000
1505 2319.000000
1506 2321.400000
1507 2325.400000
1508 2327.200000
1509 2328.600000
1510 2332.000000
1511 2335.000000
1512 2339.400000
1513 2340.800000
1514 2344.800000
1515 2349.200000
1516 2349.800000
1517 2354.800000
1518 2358.200000
1519 2361.000000
1520 2364.000000
1521 2365.800000
1522 2370.000000
1523 2373.000000
1524 2374.200000
1525 2379.200000
1526 2381.400000
1527 2385.400000
1528 2387.600000
1529 2391.200000
1530 2391.200000
1531 2396.800000
1532 2400.600000
1533 2403.000000
1534 2407.600000
1535 2407.800000
1536 2412.400000
1537 2416.200000
1538 2416.800000
1539 2422.000000
1540 2425.400000
1541 2427.600000
1542 2431.200000
1543 2432.800000
1544 2436.200000
1545 2439.600000
1546 2441.800000
1547 2448.000000
1548 2449.200000
1549 2452.400000
1550 2456.200000
1551 2460.400000
1552 2462.000000
1553 2466.200000
1554 2470.000000
1555 2471.600000
1556 2473.800000
1557 2478.200000
1558 2482.200000
1559 2482.600000
1560 2487.000000
1561 2488.600000
1562 2492.000000
1563 2495.400000
1564 2498.400000
1565 2502.200000
1566 2504.400000
1567 2508.600000
1568 2512.000000
1569 2513.600000
1570 2518.400000
1571 2520.600000
1572 2523.800000
1573 2527.400000
1574 2530.800000
1575 2534.600000
1576 2539.200000
1577 2540.400000
1578 2544.600000
1579 2546.800000
1580 2548.200000
1581 2552.000000
1582 2556.200000
1583 2558.400000
1584 2562.200000
1585 2565.000000
1586 2569.600000
1587 2571.800000
1588 2576.800000
1589 2579.200000
1590 2580.800000
1591 2584.000000
1592 2587.200000
1593 2592.000000
1594 2592.600000
1595 2596.600000
1596 2600.600000
1597 2604.200000
1598 2608.200000
1599 2609.000000
1600 2611.800000
1601 2614.600000
1602 2637.800000
1603 2630.200000
1604 2632.200000
1605 2629.800000
1606 2632.600000
1607 2635.800000
1608 2640.200000
1609 2642.800000
1610 2645.400000
1611 2648.400000
1612 2652.600000
1613 2656.000000
1614 2658.400000
1615 2661.200000
1616 2665.200000
1617 2671.400000
1618 2671.200000
1619 2677.000000
1620 2674.000000
1621 2681.400000
1622 2685.000000
1623 2687.200000
1624 2690.000000
1625 2696.400000
1626 2697.200000
1627 2699.600000
1628 2703.600000
1629 2706.600000
1630 2711.600000
1631 2712.800000
1632 2715.800000
1633 2718.400000
1634 2723.200000
1635 2725.800000
1636 2731.000000
1637 2734.000000
1638 2735.200000
1639 2739.000000
1640 2742.600000
1641 2745.800000
1642 2749.400000
1643 2752.800000
1644 2755.400000
1645 2760.200000
1646 2760.800000
1647 2765.600000
1648 2769.400000
1649 2776.400000
1650 2774.400000
1651 2778.000000
1652 2780.600000
1653 2785.400000
1654 2788.800000
1655 2791.800000
1656 2794.200000
1657 2799.200000
1658 2801.400000
1659 2805.400000
1660 2807.800000
1661 2812.800000
1662 2819.000000
1663 2819.800000
1664 2820.400000
1665 2827.800000
1666 2828.400000
1667 2832.000000
1668 2833.800000
1669 2909.400000
1670 2901.600000
1671 2848.600000
1672 2851.000000
1673 2930.200000
1674 2870.400000
1675 2857.400000
1676 2871.000000
1677 2869.800000
1678 2867.800000
1679 2872.600000
1680 2876.600000
1681 2881.400000
1682 2879.800000
1683 2886.600000
1684 2888.400000
1685 2895.400000
1686 2898.000000
1687 2901.200000
1688 2905.800000
1689 2906.200000
1690 2920.600000
1691 2913.800000
1692 2916.200000
1693 2921.000000
1694 2920.400000
1695 2926.400000
1696 2931.000000
1697 2934.000000
1698 2935.000000
1699 2937.800000
1700 2955.200000
1701 2946.600000
1702 2950.000000
1703 2954.200000
1704 2955.200000
1705 2961.600000
1706 2961.600000
1707 2966.800000
1708 2970.800000
1709 2976.000000
1710 2976.800000
1711 2985.800000
1712 2990.800000
1713 2988.600000
1714 2992.600000
1715 2997.000000
1716 2996.800000
1717 3000.000000
1718 3013.400000
1719 3007.400000
1720 3010.600000
1721 3015.400000
1722 3019.200000
1723 3022.200000
1724 3024.200000
1725 3028.800000
1726 3032.200000
1727 3036.400000
1728 3041.000000
1729 3042.800000
1730 3046.200000
1731 3047.400000
1732 3052.600000
1733 3055.800000
1734 3058.400000
1735 3062.000000
1736 3151.000000
1737 3070.000000
1738 3073.400000
1739 3075.600000
1740 3082.600000
1741 3084.800000
1742 3087.000000
1743 3092.800000
1744 3094.400000
1745 3098.600000
1746 3101.400000
1747 3103.400000
1748 3109.400000
1749 3113.200000
1750 3116.200000
1751 3119.200000
1752 3123.200000
1753 3125.800000
1754 3131.600000
1755 3138.600000
1756 3139.400000
1757 3152.600000
1758 3178.000000
1759 3154.000000
1760 3150.400000
1761 3155.200000
1762 3157.800000
1763 3161.800000
1764 3167.000000
1765 3168.200000
1766 3171.600000
1767 3175.400000
1768 3179.800000
1769 3181.800000
1770 3185.000000
1771 3188.400000
1772 3193.600000
1773 3198.000000
1774 3198.600000
1775 3200.200000
1776 3207.800000
1777 3209.800000
1778 3213.800000
1779 3216.600000
1780 3222.000000
1781 3225.000000
1782 3229.000000
1783 3231.400000
1784 3235.800000
1785 3236.600000
1786 3243.000000
1787 3246.200000
1788 3248.600000
1789 3255.400000
1790 3257.800000
1791 3262.400000
1792 3266.000000
1793 3267.000000
1794 3273.200000
1795 3275.200000
1796 3279.000000
1797 3282.400000
1798 3287.000000
1799 3290.600000
1800 3293.000000
1801 3300.000000
1802 3300.200000
1803 3305.400000
1804 3310.000000
1805 3311.200000
1806 3315.800000
1807 3320.000000
1808 3323.400000
1809 3327.600000
1810 3328.800000
1811 3331.400000
1812 3336.200000
1813 3339.800000
1814 3341.600000
1815 3345.600000
1816 3349.600000
1817 3354.800000
1818 3361.400000
1819 3360.800000
1820 3365.000000
1821 3368.000000
1822 3371.000000
1823 3373.200000
1824 3378.200000
1825 3381.600000
1826 3383.800000
1827 3388.600000
1828 3392.600000
1829 3397.400000
1830 3399.800000
1831 3447.800000
1832 3407.600000
1833 3413.000000
1834 3413.200000
1835 3417.800000
1836 3422.800000
1837 3425.600000
1838 3429.200000
1839 3432.400000
1840 3437.200000
1841 3439.400000
1842 3445.400000
1843 3445.200000
1844 3451.000000
1845 3453.400000
1846 3458.000000
1847 3461.200000
1848 3466.600000
1849 3470.000000
1850 3473.000000
1851 3477.800000
1852 3484.200000
1853 3484.000000
1854 3490.800000
1855 3496.000000
1856 3499.000000
1857 3502.200000
1858 3505.200000
1859 3508.600000
1860 3515.000000
1861 3517.600000
1862 3520.800000
1863 3524.200000
1864 3529.000000
1865 3532.200000
1866 3537.400000
1867 3537.200000
1868 3542.400000
1869 3545.200000
1870 3549.400000
1871 3555.000000
1872 3556.800000
1873 3561.200000
1874 3562.200000
1875 3567.200000
1876 3569.200000
1877 3576.200000
1878 3577.400000
1879 3581.600000
1880 3586.400000
1881 3589.000000
1882 3593.800000
1883 3595.800000
1884 3599.200000
1885 3603.200000
1886 3607.800000
1887 3612.400000
1888 3613.400000
1889 3620.000000
1890 3624.200000
1891 3624.800000
1892 3631.400000
1893 3633.800000
1894 3638.800000
1895 3642.200000
1896 3647.000000
1897 3650.000000
1898 3650.000000
1899 3656.400000
1900 3660.800000
1901 3662.800000
1902 3668.200000
1903 3673.200000
1904 3675.800000
1905 3678.800000
1906 3682.400000
1907 3687.400000
1908 3691.000000
1909 3695.200000
1910 3697.600000
1911 3703.400000
1912 3708.400000
1913 3709.200000
1914 3713.000000
1915 3718.800000
1916 3722.800000
1917 3726.400000
1918 3729.600000
1919 3731.400000
1920 3738.400000
1921 3739.800000
1922 3745.200000
1923 3750.000000
1924 3753.200000
1925 3753.200000
1926 3756.800000
1927 3763.600000
1928 3768.200000
1929 3768.200000
1930 3774.600000
1931 3779.200000
1932 3784.000000
1933 3784.200000
1934 3791.600000
1935 3796.600000
1936 3797.400000
1937 3803.600000
1938 3805.800000
1939 3810.800000
1940 3823.000000
1941 3829.000000
1942 3823.000000
1943 3826.000000
1944 3830.600000
1945 3833.000000
1946 3837.000000
1947 3841.400000
1948 3845.800000
1949 3848.800000
1950 3852.200000
1951 3856.200000
1952 3860.200000
1953 3863.800000
1954 3868.600000
1955 3873.600000
1956 3874.000000
1957 3878.600000
1958 3884.200000
1959 3890.400000
1960 3893.000000
1961 3894.200000
1962 3899.800000
1963 3903.400000
1964 3907.800000
1965 3912.600000
1966 3914.600000
1967 3918.200000
1968 3921.400000
1969 3928.400000
1970 3931.800000
1971 3936.800000
1972 3938.400000
1973 3940.800000
1974 3947.000000
1975 3949.200000
1976 3956.000000
1977 3956.600000
1978 3963.200000
1979 3989.000000
1980 3970.600000
1981 3974.400000
1982 3979.000000
1983 3982.400000
1984 3986.400000
1985 3993.600000
1986 3992.400000
1987 3997.200000
1988 4001.600000
1989 4004.800000
1990 4009.600000
1991 4011.400000
1992 4015.200000
1993 4021.000000
1994 4024.800000
1995 4032.400000
1996 4033.200000
1997 4037.400000
1998 4041.600000
1999 4044.800000
2000 4047.200000
2001 4053.200000
2002 4059.000000
2003 4061.800000
2004 4064.600000
2005 4070.600000
2006 4073.200000
2007 4078.200000
2008 4080.600000
2009 4085.400000
2010 4092.000000
2011 4093.800000
2012 4097.600000
2013 4100.000000
2014 4105.800000
2015 4109.800000
2016 4114.400000
2017 4118.200000
2018 4121.200000
2019 4128.000000
2020 4129.800000
2021 4134.600000
2022 4137.800000
2023 4141.600000
2024 4145.600000
2025 4152.200000
2026 4153.800000
2027 4159.600000
2028 4161.600000
2029 4164.600000
2030 4170.400000
2031 4172.800000
2032 4176.800000
2033 4182.800000
2034 4186.400000
2035 4188.400000
2036 4196.600000
2037 4196.600000
2038 4202.400000
2039 4206.000000
2040 4211.800000
2041 4215.800000
2042 4219.000000
2043 4221.800000
2044 4226.400000
2045 4229.800000
2046 4233.800000
2047 4239.000000
2048 4246.000000
2049 4244.400000
2050 4251.200000
2051 4254.400000
2052 4260.800000
2053 4263.200000
2054 4267.000000
2055 4272.200000
2056 4275.600000
2057 4278.800000
2058 4282.000000
2059 4291.200000
2060 4289.800000
2061 4294.600000
2062 4298.600000
2063 4305.400000
2064 4309.800000
2065 4312.600000
2066 4314.400000
2067 4321.600000
2068 4328.000000
2069 4339.400000
2070 4331.200000
2071 4338.200000
2072 4340.000000
2073 4345.800000
2074 4351.600000
2075 4353.400000
2076 4358.200000
2077 4360.400000
2078 4367.000000
2079 4370.200000
2080 4372.400000
2081 4377.800000
2082 4384.200000
2083 4386.200000
2084 4388.600000
2085 4394.400000
2086 4399.200000
2087 4404.600000
2088 4405.800000
2089 4411.400000
2090 4418.200000
2091 4417.800000
2092 4423.800000
2093 4427.800000
2094 4431.000000
2095 4436.600000
2096 4440.000000
2097 4443.000000
2098 4446.200000
2099 4452.600000
2100 4455.400000
2101 4462.400000
2102 4462.200000
2103 4468.400000
2104 4475.200000
2105 4477.400000
2106 4481.000000
2107 4486.600000
2108 4490.400000
2109 4494.000000
2110 4499.800000
2111 4505.400000
2112 4508.200000
2113 4510.000000
2114 4515.400000
2115 4519.800000
2116 4523.600000
2117 4527.800000
2118 4533.600000
2119 4537.200000
2120 4540.000000
2121 4545.800000
2122 4548.400000
2123 4553.200000
2124 4558.000000
2125 4565.000000
2126 4568.600000
2127 4570.400000
2128 4573.000000
2129 4578.800000
2130 4585.200000
2131 4588.800000
2132 4592.800000
2133 4592.400000
2134 4597.400000
2135 4602.600000
2136 4607.200000
2137 4613.400000
2138 4615.000000
2139 4619.800000
2140 4623.800000
2141 4627.800000
2142 4633.800000
2143 4636.200000
2144 4642.800000
2145 4645.200000
2146 4653.000000
2147 4655.000000
2148 4660.800000
2149 4663.400000
2150 4667.800000
2151 4669.000000
2152 4677.600000
2153 4680.000000
2154 4685.600000
2155 4691.800000
2156 4690.600000
2157 4696.200000
2158 4704.000000
2159 4712.400000
2160 4718.400000
2161 4723.200000
2162 4719.000000
2163 4721.200000
2164 4729.200000
2165 4732.000000
2166 4736.400000
2167 4741.400000
2168 4744.000000
2169 4748.400000
2170 4754.400000
2171 4756.600000
2172 4763.400000
2173 4767.600000
2174 4771.800000
2175 4774.200000
2176 4779.400000
2177 4786.000000
2178 4788.400000
2179 4792.000000
2180 4798.000000
2181 4799.000000
2182 4802.400000
2183 4810.200000
2184 4813.600000
2185 4819.600000
2186 4823.600000
2187 4826.200000
2188 4830.200000
2189 4837.000000
2190 4841.400000
2191 4846.200000
2192 4849.000000
2193 4852.600000
2194 4858.800000
2195 4862.000000
2196 4866.000000
2197 4871.200000
2198 4875.400000
2199 4880.800000
2200 4885.400000
2201 4890.400000
2202 4893.800000
2203 4896.800000
2204 4902.000000
2205 4905.600000
2206 4911.200000
2207 4914.200000
2208 4921.200000
2209 4925.200000
2210 4928.800000
2211 4932.800000
2212 4935.200000
2213 4940.000000
2214 4944.800000
2215 4947.800000
2216 4954.400000
2217 4959.400000
2218 4960.800000
2219 4966.600000
2220 4971.200000
2221 4975.600000
2222 4983.600000
2223 4983.200000
2224 4988.400000
2225 4993.200000
2226 5000.600000
2227 5002.200000
2228 5006.600000
2229 5011.800000
2230 5016.600000
2231 5021.000000
2232 5025.200000
2233 5029.000000
2234 5034.400000
2235 5037.400000
2236 5042.200000
2237 5046.400000
2238 5055.200000
2239 5056.000000
2240 5060.200000
2241 5066.400000
2242 5074.200000
2243 5076.800000
2244 5083.200000
2245 5083.200000
2246 5086.800000
2247 5091.200000
2248 5098.400000
2249 5100.400000
2250 5108.000000
2251 5108.800000
2252 5115.600000
2253 5117.600000
2254 5124.800000
2255 5127.200000
2256 5133.200000
2257 5137.400000
2258 5143.000000
2259 5143.600000
2260 5152.600000
2261 5153.600000
2262 5160.000000
2263 5163.400000
2264 5164.600000
2265 5171.000000
2266 5176.400000
2267 5181.600000
2268 5186.600000
2269 5190.800000
2270 5195.600000
2271 5200.000000
2272 5205.600000
2273 5208.800000
2274 5215.000000
2275 5217.400000
2276 5223.400000
2277 5225.800000
2278 5231.000000
2279 5238.000000
2280 5240.400000
2281 5244.600000
2282 5251.200000
2283 5254.200000
2284 5260.200000
2285 5260.400000
2286 5267.000000
2287 5274.800000
2288 5280.000000
2289 5285.200000
2290 5288.800000
2291 5290.600000
2292 5296.000000
2293 5301.600000
2294 5306.000000
2295 5311.200000
2296 5317.000000
2297 5318.600000
2298 5325.800000
2299 5327.200000
2300 5333.800000
2301 5338.600000
2302 5341.600000
2303 5347.400000
2304 5351.800000
2305 5357.800000
2306 5360.400000
2307 5364.000000
2308 5368.800000
2309 5375.200000
2310 5377.400000
2311 5388.000000
2312 5388.200000
2313 5394.200000
2314 5398.800000
2315 5403.200000
2316 5405.200000
2317 5409.000000
2318 5416.600000
2319 5420.800000
2320 5425.400000
2321 5431.600000
2322 5432.600000
2323 5439.600000
2324 5445.600000
2325 5450.200000
2326 5456.400000
2327 5460.800000
2328 5465.200000
2329 5466.000000
2330 5472.400000
2331 5476.000000
2332 5480.600000
2333 5488.000000
2334 5491.000000
2335 5496.800000
2336 5502.600000
2337 5506.800000
2338 5509.600000
2339 5513.400000
2340 5516.600000
2341 5520.600000
2342 5527.200000
2343 5529.000000
2344 5533.000000
2345 5537.600000
2346 5540.800000
2347 5548.000000
2348 5554.200000
2349 5558.200000
2350 5562.200000
2351 5565.800000
2352 5575.200000
2353 5578.800000
2354 5581.800000
2355 5585.200000
2356 5590.200000
2357 5596.000000
2358 5599.600000
2359 5606.400000
2360 5612.400000
2361 5617.400000
2362 5621.600000
2363 5624.600000
2364 5628.200000
2365 5629.800000
2366 5636.600000
2367 5641.800000
2368 5645.000000
2369 5651.400000
2370 5656.200000
2371 5661.400000
2372 5666.600000
2373 5670.000000
2374 5675.200000
2375 5677.600000
2376 5685.000000
2377 5690.200000
2378 5696.200000
2379 5697.000000
2380 5701.800000
2381 5708.400000
2382 5713.000000
2383 5716.000000
2384 5721.400000
2385 5724.600000
2386 5730.600000
2387 5736.600000
2388 5742.800000
2389 5744.400000
2390 5750.800000
2391 5758.200000
2392 5756.600000
2393 5764.400000
2394 5768.200000
2395 5772.600000
2396 5779.800000
2397 5785.400000
2398 5788.600000
2399 5790.400000
2400 5798.000000
2401 5801.600000
2402 5810.000000
2403 5808.600000
2404 5817.600000
2405 5822.000000
2406 5826.000000
2407 5830.200000
2408 5834.200000
2409 5841.400000
2410 5845.000000
2411 5854.000000
2412 5855.400000
2413 5859.000000
2414 5865.800000
2415 5868.800000
2416 5873.600000
2417 5879.200000
2418 5885.400000
2419 5892.200000
2420 5895.200000
2421 5898.400000
2422 5914.800000
2423 5929.600000
2424 5911.600000
2425 5917.400000
2426 5919.800000
2427 5924.800000
2428 5930.200000
2429 5938.600000
2430 5941.000000
2431 5945.400000
2432 5950.200000
2433 5958.000000
2434 5961.200000
2435 5962.200000
2436 5972.200000
2437 5974.800000
2438 5982.600000
2439 5986.200000
2440 5991.800000
2441 5993.200000
2442 6001.600000
2443 6004.200000
2444 6008.400000
2445 6012.600000
2446 6025.800000
2447 6026.800000
2448 6026.200000
2449 6032.200000
2450 6037.600000
2451 6041.400000
2452 6048.600000
2453 6053.400000
2454 6060.000000
2455 6061.600000
2456 6067.400000
2457 6071.800000
2458 6076.000000
2459 6083.000000
2460 6085.200000
2461 6089.400000
2462 6096.200000
2463 6099.200000
2464 6106.000000
2465 6113.000000
2466 6114.200000
2467 6118.800000
2468 6126.000000
2469 6129.400000
2470 6137.600000
2471 6143.400000
2472 6144.800000
2473 6147.600000
2474 6156.400000
2475 6160.800000
2476 6168.600000
2477 6171.200000
2478 6174.000000
2479 6180.600000
2480 6182.400000
2481 6189.200000
2482 6194.000000
2483 6197.400000
2484 6204.800000
2485 6210.800000
2486 6214.200000
2487 6220.200000
2488 6220.800000
2489 6231.400000
2490 6235.800000
2491 6238.000000
2492 6246.200000
2493 6247.000000
2494 6257.200000
2495 6261.000000
2496 6262.800000
2497 6266.600000
2498 6275.200000
2499 6275.600000
2500 6281.800000
2501 6287.800000
2502 6292.400000
2503 6299.000000
2504 6303.200000
2505 6307.400000
2506 6311.000000
2507 6317.600000
2508 6325.400000
2509 6329.400000
2510 6334.000000
2511 6341.200000
2512 6347.000000
2513 6350.200000
2514 6355.200000
2515 6358.200000
2516 6362.800000
2517 6379.000000
2518 6379.800000
2519 6378.600000
2520 6384.200000
2521 6387.000000
2522 6394.400000
2523 6397.600000
2524 6401.200000
2525 6408.000000
2526 6413.400000
2527 6416.400000
2528 6423.400000
2529 6426.400000
2530 6434.200000
2531 6437.600000
2532 6444.400000
2533 6447.400000
2534 6451.000000
2535 6456.800000
2536 6467.800000
2537 6466.000000
2538 6474.000000
2539 6483.400000
2540 6485.400000
2541 6489.600000
2542 6493.400000
2543 6500.200000
2544 6509.200000
2545 6507.600000
2546 6513.200000
2547 6519.400000
2548 6522.800000
2549 6529.000000
2550 6533.800000
2551 6539.200000
2552 6572.000000
2553 6548.200000
2554 6554.800000
2555 6559.600000
2556 6561.800000
2557 6571.800000
2558 6578.600000
2559 6584.200000
2560 6586.000000
2561 6595.200000
2562 6598.200000
2563 6604.600000
2564 6606.600000
2565 6612.800000
2566 6619.800000
2567 6626.000000
2568 6629.800000
2569 6631.400000
2570 6639.400000
2571 6641.000000
2572 6648.800000
2573 6654.000000
2574 6657.800000
2575 6664.600000
2576 6669.600000
2577 6675.800000
2578 6679.400000
2579 6685.000000
2580 6691.000000
2581 6694.800000
2582 6701.600000
2583 6706.200000
2584 6708.200000
2585 6712.800000
2586 6721.000000
2587 6726.200000
2588 6729.800000
2589 6737.000000
2590 6742.000000
2591 6749.800000
2592 6748.800000
2593 6754.800000
2594 6759.800000
2595 6769.200000
2596 6770.600000
2597 6775.200000
2598 6783.000000
2599 6784.000000
2600 6784.400000
2601 6791.400000
2602 6798.800000
2603 6802.200000
2604 6806.800000
2605 6816.000000
2606 6820.200000
2607 6824.600000
2608 6833.200000
2609 6839.200000
2610 6842.200000
2611 6848.400000
2612 6852.600000
2613 6856.200000
2614 6860.400000
2615 6862.600000
2616 6871.800000
2617 6878.400000
2618 6881.600000
2619 6888.400000
2620 6890.400000
2621 6895.200000
2622 6902.000000
2623 6907.400000
2624 6911.400000
2625 6915.600000
2626 6921.200000
2627 6927.000000
2628 6931.400000
2629 6937.400000
2630 6941.800000
2631 6949.400000
2632 6956.000000
2633 6955.400000
2634 6965.000000
2635 6973.000000
2636 6975.000000
2637 6979.600000
2638 6987.600000
2639 6991.400000
2640 6993.000000
2641 7000.600000
2642 7005.600000
2643 7012.800000
2644 7015.800000
2645 7023.000000
2646 7026.400000
2647 7030.600000
2648 7035.800000
2649 7040.000000
2650 7047.600000
2651 7051.200000
2652 7060.200000
2653 7064.200000
2654 7070.400000
2655 7073.000000
2656 7078.800000
2657 7084.800000
2658 7087.600000
2659 7095.200000
2660 7100.200000
2661 7105.200000
2662 7112.000000
2663 7115.200000
2664 7122.600000
2665 7125.600000
2666 7132.200000
2667 7136.400000
2668 7141.600000
2669 7146.400000
2670 7156.200000
2671 7159.800000
2672 7163.000000
2673 7170.000000
2674 7174.600000
2675 7181.000000
2676 7185.800000
2677 7191.800000
2678 7196.800000
2679 7205.600000
2680 7206.600000
2681 7208.800000
2682 7217.400000
2683 7221.200000
2684 7226.000000
2685 7230.400000
2686 7238.600000
2687 7244.200000
2688 7252.000000
2689 7253.400000
2690 7259.600000
2691 7265.600000
2692 7269.600000
2693 7277.000000
2694 7288.000000
2695 7286.800000
2696 7291.400000
2697 7297.800000
2698 7299.000000
2699 7308.800000
2700 7315.600000
2701 7316.600000
2702 7324.200000
2703 7329.600000
2704 7335.800000
2705 7340.400000
2706 7346.200000
2707 7350.800000
2708 7362.600000
2709 7358.400000
2710 7369.400000
2711 7375.200000
2712 7379.400000
2713 7385.800000
2714 7387.000000
2715 7393.800000
2716 7400.000000
2717 7407.600000
2718 7412.000000
2719 7415.200000
2720 7423.800000
2721 7428.200000
2722 7432.400000
2723 7438.200000
2724 7444.400000
2725 7448.200000
2726 7453.400000
2727 7457.800000
2728 7470.200000
2729 7473.800000
2730 7474.800000
2731 7481.400000
2732 7485.000000
2733 7489.600000
2734 7498.000000
2735 7500.000000
2736 7509.400000
2737 7511.200000
2738 7517.600000
2739 7526.600000
2740 7527.800000
2741 7534.600000
2742 7538.600000
2743 7547.200000
2744 7550.600000
2745 7552.800000
2746 7562.400000
2747 7567.000000
2748 7572.800000
2749 7579.400000
2750 7585.600000
2751 7589.400000
2752 7596.000000
2753 7597.000000
2754 7607.400000
2755 7612.600000
2756 7615.600000
2757 7622.600000
2758 7627.200000
2759 7630.400000
2760 7637.400000
2761 7644.600000
2762 7648.000000
2763 7655.200000
2764 7661.000000
2765 7665.800000
2766 7672.400000
2767 7678.000000
2768 7681.200000
2769 7689.800000
2770 7693.400000
2771 7699.000000
2772 7703.600000
2773 7712.400000
2774 7711.000000
2775 7721.400000
2776 7723.800000
2777 7731.000000
2778 7738.000000
2779 7743.000000
2780 7748.800000
2781 7754.400000
2782 7759.000000
2783 7766.000000
2784 7768.800000
2785 7777.200000
2786 7782.800000
2787 7787.000000
2788 7794.400000
2789 7795.800000
2790 7805.200000
2791 7808.200000
2792 7813.800000
2793 7836.600000
2794 7822.800000
2795 7829.800000
2796 7833.600000
2797 7843.800000
2798 7847.000000
2799 7850.800000
2800 7857.400000
2801 7862.200000
2802 7869.400000
2803 7875.200000
2804 7879.000000
2805 7883.800000
2806 7888.800000
2807 7895.600000
2808 7900.800000
2809 7910.200000
2810 7913.400000
2811 7918.800000
2812 7924.000000
2813 7933.000000
2814 7935.400000
2815 7942.600000
2816 7951.800000
2817 7959.200000
2818 7962.000000
2819 7969.800000
2820 7974.800000
2821 7978.600000
2822 7987.000000
2823 7988.400000
2824 7998.000000
2825 8003.800000
2826 8006.800000
2827 8014.000000
2828 8018.800000
2829 8026.400000
2830 8027.200000
2831 8032.400000
2832 8036.400000
2833 8045.000000
2834 8051.200000
2835 8056.000000
2836 8060.600000
2837 8064.600000
2838 8068.400000
2839 8075.200000
2840 8089.800000
2841 8088.000000
2842 8094.400000
2843 8098.200000
2844 8103.200000
2845 8109.000000
2846 8116.800000
2847 8148.400000
2848 8138.400000
2849 8137.800000
2850 8134.400000
2851 8143.000000
2852 8150.600000
2853 8151.200000
2854 8158.400000
2855 8164.400000
2856 8169.000000
2857 8178.400000
2858 8179.200000
2859 8189.600000
2860 8194.400000
2861 8197.000000
2862 8207.400000
2863 8210.000000
2864 8217.600000
2865 8225.000000
2866 8229.400000
2867 8230.600000
2868 8240.000000
2869 8249.200000
2870 8249.000000
2871 8256.800000
2872 8261.200000
2873 8268.800000
2874 8273.800000
2875 8281.200000
2876 8286.600000
2877 8293.200000
2878 8295.000000
2879 8300.600000
2880 8305.800000
2881 8314.600000
2882 8318.200000
2883 8324.000000
2884 8331.200000
2885 8334.000000
2886 8338.600000
2887 8349.600000
2888 8355.800000
2889 8360.600000
2890 8365.600000
2891 8370.000000
2892 8377.800000
2893 8378.200000
2894 8385.800000
2895 8390.800000
2896 8398.200000
2897 8404.200000
2898 8412.600000
2899 8417.400000
2900 8419.800000
2901 8426.800000
2902 8436.400000
2903 8438.200000
2904 8443.800000
2905 8449.800000
2906 8451.200000
2907 8461.600000
2908 8466.600000
2909 8477.200000
2910 8478.400000
2911 8482.000000
2912 8493.000000
2913 8498.800000
2914 8500.400000
2915 8509.000000
2916 8516.200000
2917 8521.000000
2918 8526.800000
2919 8531.600000
2920 8541.400000
2921 8545.800000
2922 8549.200000
2923 8567.000000
2924 8562.000000
2925 8565.600000
2926 8570.000000
2927 8581.200000
2928 8585.200000
2929 8591.400000
2930 8598.000000
2931 8599.800000
2932 8606.200000
2933 8612.400000
2934 8619.400000
2935 8618.400000
2936 8628.000000
2937 8637.400000
2938 8638.800000
2939 8647.800000
2940 8655.000000
2941 8659.800000
2942 8667.200000
2943 8673.000000
2944 8677.400000
2945 8773.400000
2946 8692.400000
2947 8694.600000
2948 8699.000000
2949 8706.600000
2950 8713.600000
2951 8719.600000
2952 8721.800000
2953 8729.600000
2954 8737.200000
2955 8743.200000
2956 8745.400000
2957 8751.800000
2958 8760.400000
2959 8762.600000
2960 8767.600000
2961 8775.000000
2962 8784.000000
2963 8790.600000
2964 8792.600000
2965 8799.400000
2966 8809.400000
2967 8812.200000
2968 8818.200000
2969 8826.800000
2970 8828.200000
2971 8833.400000
2972 8842.600000
2973 8846.800000
2974 8852.000000
2975 8859.800000
2976 8866.000000
2977 8870.800000
2978 8876.000000
2979 8884.200000
2980 8887.200000
2981 8897.800000
2982 8898.600000
2983 8905.000000
2984 8909.000000
2985 8914.000000
2986 8924.400000
2987 8931.600000
2988 8936.800000
2989 8942.600000
2990 8943.200000
2991 8952.000000
2992 8958.200000
2993 8964.000000
2994 8968.400000
2995 8976.400000
2996 8981.400000
2997 8991.400000
2998 8993.000000
2999 8994.800000
3000 9003.200000
3001 9011.000000
3002 9020.200000
3003 9024.200000
3004 9028.200000
3005 9042.200000
3006 9043.800000
3007 9045.400000
3008 9055.800000
3009 9056.800000
3010 9066.200000
3011 9073.000000
3012 9079.000000
3013 9085.600000
3014 9090.200000
3015 9097.400000
3016 9100.600000
3017 9105.000000
3018 9116.800000
3019 9120.600000
3020 9127.200000
3021 9130.000000
3022 9139.800000
3023 9144.200000
3024 9148.600000
3025 9150.800000
3026 9164.200000
3027 9169.200000
3028 9176.200000
3029 9179.600000
3030 9186.600000
3031 9189.600000
3032 9196.800000
3033 9206.000000
3034 9212.000000
3035 9215.600000
3036 9222.600000
3037 9221.800000
3038 9231.600000
3039 9237.200000
3040 9243.600000
3041 9251.000000
3042 9256.800000
3043 9266.400000
3044 9271.400000
3045 9276.400000
3046 9279.800000
3047 9287.200000
3048 9291.800000
3049 9300.000000
3050 9308.600000
3051 9313.800000
3052 9315.400000
3053 9325.000000
3054 9330.000000
3055 9338.400000
3056 9338.600000
3057 9347.400000
3058 9354.600000
3059 9357.800000
3060 9362.800000
3061 9370.200000
3062 9382.600000
3063 9384.000000
3064 9389.600000
3065 9391.800000
3066 9400.000000
3067 9406.200000
3068 9413.000000
3069 9417.600000
3070 9430.000000
3071 9437.000000
3072 9439.400000
3073 9440.800000
3074 9453.600000
3075 9459.200000
3076 9461.400000
3077 9471.200000
3078 9477.800000
3079 9478.600000
3080 9485.000000
3081 9492.200000
3082 9500.200000
3083 9504.000000
3084 9512.000000
3085 9519.400000
3086 9524.000000
3087 9527.800000
3088 9535.800000
3089 9542.000000
3090 9550.200000
3091 9554.600000
3092 9561.600000
3093 9568.400000
3094 9569.800000
3095 9576.000000
3096 9588.000000
3097 9590.600000
3098 9601.000000
3099 9604.400000
3100 9611.200000
3101 9612.600000
3102 9621.800000
3103 9627.200000
3104 9637.800000
3105 9641.400000
3106 9643.400000
3107 9654.400000
3108 9653.200000
3109 9661.600000
3110 9668.200000
3111 9675.000000
3112 9681.800000
3113 9687.400000
3114 9698.600000
3115 9709.200000
3116 9771.600000
3117 9710.400000
3118 9719.200000
3119 9728.400000
3120 9733.000000
3121 9738.000000
3122 9745.000000
3123 9751.600000
3124 9756.400000
3125 9764.200000
3126 9767.800000
3127 9774.400000
3128 9780.000000
3129 9789.000000
3130 9793.000000
3131 9800.400000
3132 9806.400000
3133 9813.400000
3134 9819.800000
3135 9824.000000
3136 9831.000000
3137 9835.200000
3138 9839.000000
3139 9845.800000
3140 9855.800000
3141 9857.800000
3142 9868.400000
3143 9872.600000
3144 9879.600000
3145 9885.800000
3146 9892.600000
3147 9897.400000
3148 9904.600000
3149 9911.800000
3150 9921.200000
3151 9920.400000
3152 9929.600000
3153 9935.200000
3154 9941.000000
3155 9946.800000
3156 9956.200000
3157 9960.000000
3158 9967.400000
3159 9974.600000
3160 9981.200000
3161 9984.400000
3162 9990.600000
3163 10000.000000
3164 10005.400000
3165 10007.400000
3166 10017.200000
3167 10023.400000
3168 10028.800000
3169 10035.400000
3170 10042.000000
3171 10050.600000
3172 10055.200000
3173 10064.400000
3174 10065.000000
3175 10074.000000
3176 10080.400000
3177 10087.400000
3178 10090.200000
3179 10103.400000
3180 10106.800000
3181 10108.600000
3182 10120.600000
3183 10125.600000
3184 10127.800000
3185 10135.000000
3186 10143.600000
3187 10151.000000
3188 10156.200000
3189 10159.200000
3190 10169.800000
3191 10171.400000
3192 10184.000000
3193 10184.600000
3194 10192.400000
3195 10196.600000
3196 10207.200000
3197 10215.200000
3198 10219.600000
3199 10222.200000
3200 10228.800000
3201 10238.400000
3202 10246.200000
3203 10251.400000
3204 10255.600000
3205 10261.200000
3206 10269.400000
3207 10275.600000
3208 10280.400000
3209 10290.200000
3210 10294.600000
3211 10305.200000
3212 10304.000000
3213 10312.200000
3214 10324.000000
3215 10328.200000
3216 10336.400000
3217 10339.800000
3218 10346.200000
3219 10351.200000
3220 10359.600000
3221 10365.000000
3222 10372.800000
3223 10376.600000
3224 10382.600000
3225 10387.600000
3226 10392.600000
3227 10400.400000
3228 10408.400000
3229 10416.400000
3230 10423.400000
3231 10428.000000
3232 10439.400000
3233 10439.800000
3234 10446.800000
3235 10448.200000
3236 10459.600000
3237 10466.600000
3238 10473.600000
3239 10479.400000
3240 10485.400000
3241 10491.600000
3242 10499.400000
3243 10508.600000
3244 10510.200000
3245 10519.600000
3246 10523.400000
3247 10534.600000
3248 10540.400000
3249 10544.600000
3250 10550.000000
3251 10556.200000
3252 10564.600000
3253 10573.800000
3254 10579.000000
3255 10579.400000
3256 10603.400000
3257 10596.200000
3258 10602.400000
3259 10608.400000
3260 10615.000000
3261 10621.800000
3262 10624.400000
3263 10630.000000
3264 10640.600000
3265 10647.000000
3266 10656.200000
3267 10658.400000
3268 10663.400000
3269 10671.800000
3270 10678.600000
3271 10686.200000
3272 10692.000000
3273 10699.800000
3274 10704.200000
3275 10707.800000
3276 10715.200000
3277 10728.000000
3278 10729.400000
3279 10734.200000
3280 10740.800000
3281 10746.400000
3282 10755.800000
3283 10764.000000
3284 10771.200000
3285 10773.400000
3286 10785.800000
3287 10788.600000
3288 10796.000000
3289 10802.400000
3290 10811.800000
3291 10814.600000
3292 10819.200000
3293 10825.200000
3294 10843.000000
3295 10850.000000
3296 10854.800000
3297 10860.200000
3298 10862.200000
3299 10865.400000
3300 10877.000000
3301 10880.600000
3302 10884.400000
3303 10888.800000
3304 10900.200000
3305 10909.400000
3306 10914.400000
3307 10917.200000
3308 10923.200000
3309 10933.800000
3310 10941.800000
3311 10945.400000
3312 10949.400000
3313 10960.200000
3314 10964.400000
3315 10969.600000
3316 10977.400000
3317 10981.800000
3318 10987.600000
3319 10994.800000
3320 11004.200000
3321 11009.800000
3322 11018.800000
3323 11022.600000
3324 11030.400000
3325 11038.600000
3326 11045.200000
3327 11050.800000
3328 11060.200000
3329 11062.600000
3330 11067.800000
3331 11078.000000
3332 11080.400000
3333 11089.400000
3334 11098.200000
3335 11101.600000
3336 11110.200000
3337 11114.000000
3338 11123.800000
3339 11126.600000
3340 11134.000000
3341 11141.200000
3342 11150.400000
3343 11146.800000
3344 11162.800000
3345 11183.400000
3346 11172.000000
3347 11185.600000
3348 11185.200000
3349 11192.200000
3350 11201.200000
3351 11207.000000
3352 11214.200000
3353 11222.800000
3354 11232.000000
3355 11234.000000
3356 11241.600000
3357 11249.400000
3358 11252.600000
3359 11262.800000
3360 11268.400000
3361 11274.200000
3362 11280.200000
3363 11288.200000
3364 11294.000000
3365 11301.400000
3366 11307.000000
3367 11313.000000
3368 11322.200000
3369 11328.400000
3370 11337.200000
3371 11339.000000
3372 11346.400000
3373 11354.800000
3374 11359.400000
3375 11369.000000
3376 11376.000000
3377 11379.200000
3378 11390.800000
3379 11398.600000
3380 11400.400000
3381 11413.600000
3382 11412.800000
3383 11417.600000
3384 11429.000000
3385 11432.600000
3386 11443.000000
3387 11448.200000
3388 11453.800000
3389 11464.000000
3390 11469.000000
3391 11475.800000
3392 11484.600000
3393 11485.400000
3394 11494.200000
3395 11500.200000
3396 11508.200000
3397 11510.400000
3398 11521.000000
3399 11530.200000
3400 11532.800000
3401 11544.200000
3402 11544.200000
3403 11553.400000
3404 11562.800000
3405 11566.400000
3406 11571.600000
3407 11581.800000
3408 11590.200000
3409 11594.800000
3410 11601.200000
3411 11615.200000
3412 11618.000000
3413 11627.000000
3414 11634.200000
3415 11634.800000
3416 11643.400000
3417 11654.600000
3418 11658.400000
3419 11664.400000
3420 11672.600000
3421 11675.000000
3422 11681.600000
3423 11687.600000
3424 11696.200000
3425 11702.200000
3426 11708.400000
3427 11715.400000
3428 11722.400000
3429 11735.400000
3430 11735.200000
3431 11740.600000
3432 11751.600000
3433 11760.200000
3434 11764.200000
3435 11772.200000
3436 11779.800000
3437 11784.000000
3438 11792.800000
3439 11796.400000
3440 11806.000000
3441 11808.600000
3442 11817.200000
3443 11822.400000
3444 11832.200000
3445 11843.800000
3446 11843.800000
3447 11851.200000
3448 11858.800000
3449 11865.200000
3450 11872.400000
3451 11874.000000
3452 11885.800000
3453 11893.200000
3454 11896.800000
3455 11904.600000
3456 11913.200000
3457 11927.200000
3458 11928.000000
3459 11973.000000
3460 11947.400000
3461 11947.200000
3462 11952.400000
3463 11961.200000
3464 11972.600000
3465 11974.400000
3466 11984.800000
3467 11989.000000
3468 11999.200000
3469 12005.000000
3470 12015.200000
3471 12013.000000
3472 12026.000000
3473 12029.600000
3474 12036.600000
3475 12045.200000
3476 12049.400000
3477 12057.600000
3478 12064.600000
3479 12071.800000
3480 12078.800000
3481 12086.000000
3482 12089.200000
3483 12104.200000
3484 12110.200000
3485 12111.000000
3486 12119.600000
3487 12120.000000
3488 12130.600000
3489 12137.600000
3490 12146.600000
3491 12150.800000
3492 12166.000000
3493 12167.600000
3494 12174.400000
3495 12181.400000
3496 12187.200000
3497 12199.000000
3498 12206.800000
3499 12206.200000
3500 12214.000000
3501 12220.400000
3502 12225.000000
3503 12238.000000
3504 12243.000000
3505 12254.600000
3506 12252.800000
3507 12261.800000
3508 12270.200000
3509 12273.600000
3510 12289.200000
3511 12295.200000
3512 12299.200000
3513 12303.600000
3514 12311.200000
3515 12320.000000
3516 12326.200000
3517 12347.600000
3518 12334.200000
3519 12346.800000
3520 12359.000000
3521 12359.000000
3522 12367.800000
3523 12371.600000
3524 12380.600000
3525 12392.000000
3526 12396.400000
3527 12404.200000
3528 12407.600000
3529 12418.800000
3530 12423.800000
3531 12435.800000
3532 12438.000000
3533 12445.000000
3534 12453.200000
3535 12462.400000
3536 12465.800000
3537 12476.800000
3538 12481.000000
3539 12486.000000
3540 12491.400000
3541 12497.800000
3542 12509.200000
3543 12512.800000
3544 12521.800000
3545 12529.000000
3546 12535.000000
3547 12556.600000
3548 12543.800000
3549 12556.200000
3550 12565.000000
3551 12571.600000
3552 12579.600000
3553 12588.800000
3554 12589.800000
3555 12596.400000
3556 12606.000000
3557 12610.600000
3558 12623.000000
3559 12627.400000
3560 12640.600000
3561 12637.400000
3562 12650.200000
3563 12651.000000
3564 12665.400000
3565 12670.600000
3566 12675.400000
3567 12680.200000
3568 12692.000000
3569 12698.400000
3570 12703.400000
3571 12711.600000
3572 12717.200000
3573 12724.200000
3574 12731.600000
3575 12740.000000
3576 12749.600000
3577 12754.000000
3578 12765.600000
3579 12771.600000
3580 12776.000000
3581 12783.800000
3582 12788.600000
3583 12799.000000
3584 12810.000000
3585 12811.000000
3586 12823.000000
3587 12822.600000
3588 12832.800000
3589 12839.000000
3590 12846.600000
3591 12855.600000
3592 12860.000000
3593 12869.800000
3594 12875.800000
3595 12885.800000
3596 12889.600000
3597 12893.800000
3598 12899.800000
3599 12909.400000
3600 12920.600000
3601 12922.200000
3602 12936.200000
3603 12940.800000
3604 12948.600000
3605 12950.600000
3606 12962.800000
3607 12966.800000
3608 12972.200000
3609 12981.000000
3610 12988.000000
3611 12993.800000
3612 13004.800000
3613 13010.400000
3614 13019.600000
3615 13022.000000
3616 13027.800000
3617 13056.600000
3618 13046.400000
3619 13051.200000
3620 13060.600000
3621 13070.600000
3622 13070.600000
3623 13086.200000
3624 13088.000000
3625 13095.600000
3626 13104.600000
3627 13109.200000
3628 13112.000000
3629 13123.200000
3630 13125.600000
3631 13135.200000
3632 13143.400000
3633 13150.800000
3634 13155.800000
3635 13165.400000
3636 13172.200000
3637 13179.600000
3638 13187.200000
3639 13191.400000
3640 13203.200000
3641 13209.600000
3642 13215.400000
3643 13224.800000
3644 13227.800000
3645 13237.400000
3646 13246.200000
3647 13250.200000
3648 13264.000000
3649 13263.600000
3650 13273.200000
3651 13284.400000
3652 13285.400000
3653 13295.200000
3654 13306.600000
3655 13311.800000
3656 13319.400000
3657 13321.800000
3658 13331.600000
3659 13335.400000
3660 13349.000000
3661 13355.600000
3662 13363.600000
3663 13365.800000
3664 13376.600000
3665 13384.000000
3666 13394.400000
3667 13397.800000
3668 13409.200000
3669 13413.200000
3670 13418.600000
3671 13430.000000
3672 13438.400000
3673 13441.200000
3674 13447.000000
3675 13458.000000
3676 13459.400000
3677 13470.000000
3678 13479.200000
3679 13484.400000
3680 13490.400000
3681 13498.800000
3682 13506.200000
3683 13509.800000
3684 13522.000000
3685 13529.600000
3686 13537.000000
3687 13539.600000
3688 13552.600000
3689 13557.600000
3690 13562.200000
3691 13574.400000
3692 13581.200000
3693 13591.000000
3694 13593.400000
3695 13600.000000
3696 13608.400000
3697 13612.400000
3698 13621.600000
3699 13631.800000
3700 13636.200000
3701 13640.400000
3702 13650.000000
3703 13659.400000
3704 13671.600000
3705 13673.000000
3706 13682.000000
3707 13689.800000
3708 13692.800000
3709 13699.400000
3710 13712.000000
3711 13712.800000
3712 13723.000000
3713 13730.800000
3714 13741.000000
3715 13751.800000
3716 13756.200000
3717 13761.000000
3718 13771.800000
3719 13778.000000
3720 13786.800000
3721 13793.400000
3722 13798.000000
3723 13805.000000
3724 13813.800000
3725 13819.000000
3726 13829.000000
3727 13831.200000
3728 13844.600000
3729 13849.400000
3730 13854.000000
3731 13864.800000
3732 13893.400000
3733 13880.800000
3734 13891.200000
3735 13894.600000
3736 13897.400000
3737 13906.600000
3738 13917.200000
3739 13921.800000
3740 13924.200000
3741 13934.200000
3742 13988.400000
3743 13961.000000
3744 13968.200000
3745 13966.400000
3746 14006.600000
3747 13984.200000
3748 13992.000000
3749 14000.800000
3750 14002.000000
3751 14018.400000
3752 14013.800000
3753 14024.200000
3754 14036.600000
3755 14045.000000
3756 14062.200000
3757 14054.200000
3758 14064.400000
3759 14072.000000
3760 14088.600000
3761 14108.200000
3762 14092.600000
3763 14103.400000
3764 14115.400000
3765 14114.600000
3766 14125.400000
3767 14136.400000
3768 14138.200000
3769 14142.000000
3770 14151.000000
3771 14159.400000
3772 14173.000000
3773 14172.000000
3774 14185.000000
3775 14188.000000
3776 14198.800000
3777 14207.600000
3778 14210.600000
3779 14222.000000
3780 14223.200000
3781 14226.400000
3782 14237.400000
3783 14246.800000
3784 14257.000000
3785 14261.800000
3786 14272.600000
3787 14282.000000
3788 14283.600000
3789 14297.400000
3790 14296.600000
3791 14308.800000
3792 14314.000000
3793 14324.600000
3794 14332.000000
3795 14339.000000
3796 14344.800000
3797 14356.800000
3798 14367.000000
3799 14372.400000
3800 14381.800000
3801 14386.000000
3802 14392.800000
3803 14405.600000
3804 14407.600000
3805 14415.600000
3806 14423.200000
3807 14432.400000
3808 14442.600000
3809 14447.800000
3810 14453.000000
3811 14459.400000
3812 14462.800000
3813 14490.000000
3814 14482.200000
3815 14492.600000
3816 14509.400000
3817 14534.800000
3818 14561.600000
3819 14519.600000
3820 14529.000000
3821 14539.600000
3822 14546.600000
3823 14550.200000
3824 14554.600000
3825 14567.600000
3826 14575.600000
3827 14582.400000
3828 14590.600000
3829 14593.800000
3830 14600.600000
3831 14610.800000
3832 14617.800000
3833 14624.400000
3834 14637.000000
3835 14636.400000
3836 14642.000000
3837 14649.000000
3838 14662.000000
3839 14664.800000
3840 14677.200000
3841 14684.400000
3842 14694.200000
3843 14707.000000
3844 14711.400000
3845 14717.200000
3846 14723.600000
3847 14731.400000
3848 14746.600000
3849 14753.200000
3850 14759.000000
3851 14768.200000
3852 14775.200000
3853 14857.400000
3854 14803.400000
3855 14793.600000
3856 14796.600000
3857 14843.200000
3858 14820.600000
3859 14827.200000
3860 14832.200000
3861 14840.400000
3862 14848.400000
3863 14855.000000
3864 14859.600000
3865 14869.000000
3866 14890.600000
3867 14883.800000
3868 14887.800000
3869 14894.000000
3870 14919.200000
3871 14929.400000
3872 14923.000000
3873 14931.800000
3874 14937.600000
3875 14943.800000
3876 14957.400000
3877 21242.400000
3878 14973.600000
3879 14977.200000
3880 14982.000000
3881 14998.200000
3882 15003.600000
3883 15037.600000
3884 15009.800000
3885 15084.800000
3886 15045.600000
3887 15035.600000
3888 15037.000000
3889 15054.400000
3890 15062.200000
3891 15066.800000
3892 15075.000000
3893 15092.800000
3894 15088.800000
3895 15100.600000
3896 15105.400000
3897 15108.800000
3898 15123.600000
3899 15128.000000
3900 15133.600000
3901 15148.000000
3902 15150.200000
3903 15155.400000
3904 15171.200000
3905 15179.800000
3906 15182.600000
3907 15191.000000
3908 15197.200000
3909 15222.000000
3910 15212.600000
3911 15217.600000
3912 15225.800000
3913 15231.200000
3914 15243.200000
3915 15250.800000
3916 15264.200000
3917 15260.600000
3918 15273.200000
3919 15280.600000
3920 15296.400000
3921 15292.600000
3922 15343.800000
3923 15319.000000
3924 15327.600000
3925 15340.600000
3926 15333.200000
3927 15358.400000
3928 15351.200000
3929 15360.400000
3930 15366.000000
3931 15378.000000
3932 15384.200000
3933 15388.600000
3934 15398.600000
3935 15407.400000
3936 15412.400000
3937 15418.000000
3938 15431.000000
3939 15436.600000
3940 15442.800000
3941 15453.200000
3942 15457.600000
3943 15468.400000
3944 15473.000000
3945 15483.600000
3946 15499.000000
3947 15518.600000
3948 15510.000000
3949 15513.800000
3950 15522.200000
3951 15532.600000
3952 15541.400000
3953 15551.800000
3954 15552.800000
3955 15558.600000
3956 15563.200000
3957 15582.800000
3958 15583.800000
3959 15608.600000
3960 15602.600000
3961 15616.600000
3962 15615.400000
3963 15624.800000
3964 15632.200000
3965 15633.200000
3966 15646.400000
3967 15650.400000
3968 15662.600000
3969 15669.800000
3970 15686.600000
3971 15700.000000
3972 15690.600000
3973 15709.800000
3974 15723.000000
3975 15748.000000
3976 15728.800000
3977 15737.800000
3978 15745.800000
3979 15754.400000
3980 15752.800000
3981 15761.200000
3982 15778.000000
3983 15779.200000
3984 15787.800000
3985 15797.000000
3986 15805.800000
3987 15814.800000
3988 15998.800000
3989 15862.400000
3990 15840.200000
3991 15866.200000
3992 15854.600000
3993 15858.800000
3994 15875.600000
3995 15891.200000
3996 15883.400000
3997 15892.800000
3998 15900.200000
3999 15906.600000
4000 15917.600000
4001 15920.800000
4002 15949.400000
4003 15963.000000
4004 15947.600000
4005 15960.200000
4006 15972.200000
4007 15992.000000
4008 15977.800000
4009 15987.000000
4010 15992.600000
4011 15999.600000
4012 16008.600000
4013 16027.000000
4014 16027.000000
4015 16035.600000
4016 16037.800000
4017 16056.400000
4018 16054.800000
4019 16067.000000
4020 16078.000000
4021 16081.600000
4022 16104.200000
4023 16094.800000
4024 16104.200000
4025 16112.800000
4026 16129.000000
4027 16138.800000
4028 16163.800000
4029 16141.800000
4030 16150.000000
4031 16162.200000
4032 16169.000000
4033 16170.400000
4034 16188.400000
4035 16193.600000
4036 16202.400000
4037 16213.200000
4038 16217.800000
4039 16233.200000
4040 16233.800000
4041 16237.200000
4042 16249.800000
4043 16258.000000
4044 16261.800000
4045 16273.800000
4046 16282.800000
4047 16294.200000
4048 16296.400000
4049 16301.800000
4050 16310.800000
4051 16318.000000
4052 16327.400000
4053 16330.200000
4054 16351.800000
4055 16349.400000
4056 16359.800000
4057 16366.800000
4058 16378.400000
4059 16381.200000
4060 16386.000000
4061 16401.600000
4062 16406.200000
4063 16414.400000
4064 16423.200000
4065 16434.800000
4066 16440.000000
4067 16441.600000
4068 16452.000000
4069 16465.400000
4070 16473.200000
4071 16478.400000
4072 16488.200000
4073 16495.600000
4074 16501.800000
4075 16508.800000
4076 16517.800000
4077 16532.400000
4078 16534.200000
4079 16543.400000
4080 16549.600000
4081 16554.000000
4082 16568.800000
4083 16572.600000
4084 16584.200000
4085 16595.200000
4086 16600.200000
4087 16603.600000
4088 16621.000000
4089 16627.000000
4090 16631.200000
4091 16640.000000
4092 16650.600000
4093 16656.200000
4094 16665.800000
4095 16673.200000
4096 16680.800000
4097 16691.800000
4098 16702.000000
4099 16703.200000
4100 16715.000000
4101 16720.000000
4102 16724.600000
4103 16733.400000
4104 16749.000000
4105 16750.200000
4106 16753.800000
4107 16773.600000
4108 16778.600000
4109 16781.400000
4110 16791.000000
4111 16807.000000
4112 16815.400000
4113 16883.200000
4114 16826.200000
4115 16835.600000
4116 16839.000000
4117 16849.400000
4118 16867.400000
4119 16865.600000
4120 16875.200000
4121 16884.200000
4122 16891.600000
4123 16903.600000
4124 16911.000000
4125 16915.400000
4126 16934.000000
4127 16937.800000
4128 16946.000000
4129 16960.600000
4130 16967.400000
4131 16984.200000
4132 16979.800000
4133 16989.600000
4134 16996.000000
4135 17002.400000
4136 17007.400000
4137 17009.600000
4138 17018.600000
4139 17030.000000
4140 17031.200000
4141 17046.000000
4142 17055.200000
4143 17061.600000
4144 17066.200000
4145 17076.000000
4146 17088.000000
4147 17094.200000
4148 17103.000000
4149 17109.600000
4150 17126.400000
4151 17125.600000
4152 17132.600000
4153 17146.800000
4154 17155.800000
4155 17159.800000
4156 17168.600000
4157 17179.400000
4158 17193.000000
4159 17191.000000
4160 17202.200000
4161 17206.400000
4162 17220.000000
4163 17229.200000
4164 17240.400000
4165 17241.400000
4166 17249.800000
4167 17257.200000
4168 17271.800000
4169 17274.400000
4170 17288.000000
4171 17294.200000
4172 17299.400000
4173 17306.400000
4174 17311.800000
4175 17321.000000
4176 17339.000000
4177 17338.400000
4178 17344.800000
4179 17355.400000
4180 17367.600000
4181 17374.600000
4182 17383.400000
4183 17389.400000
4184 17393.800000
4185 17404.400000
4186 17417.800000
4187 17427.600000
4188 17432.800000
4189 17443.200000
4190 17444.200000
4191 17454.600000
4192 17461.600000
4193 17469.000000
4194 17482.800000
4195 17496.200000
4196 17502.000000
4197 17526.000000
4198 17516.800000
4199 17521.400000
4200 17528.200000
4201 17538.000000
4202 17547.600000
4203 17552.000000
4204 17563.600000
4205 17571.000000
4206 17575.800000
4207 17583.200000
4208 17597.400000
4209 17597.200000
4210 17612.800000
4211 17620.400000
4212 17630.600000
4213 17641.800000
4214 17660.000000
4215 17653.600000
4216 17658.800000
4217 17678.400000
4218 17687.200000
4219 17685.800000
4220 17694.000000
4221 17701.200000
4222 17719.400000
4223 17722.600000
4224 17724.000000
4225 17739.600000
4226 17743.800000
4227 17759.600000
4228 17768.400000
4229 17769.000000
4230 17778.600000
4231 17786.800000
4232 17793.400000
4233 17802.200000
4234 17816.400000
4235 17820.000000
4236 17830.000000
4237 17833.600000
4238 17845.200000
4239 17855.000000
4240 17864.200000
4241 17863.400000
4242 17989.200000
4243 17890.600000
4244 17903.800000
4245 17905.200000
4246 17916.800000
4247 17949.800000
4248 17935.600000
4249 17938.000000
4250 17959.200000
4251 17956.800000
4252 17966.000000
4253 17973.000000
4254 17980.800000
4255 17989.400000
4256 18000.400000
4257 18010.600000
4258 18020.200000
4259 18027.200000
4260 18037.800000
4261 18051.400000
4262 18057.800000
4263 18055.800000
4264 18067.600000
4265 18069.200000
4266 18077.000000
4267 18088.000000
4268 18090.200000
4269 18104.200000
4270 18112.200000
4271 18122.000000
4272 18134.800000
4273 18190.400000
4274 18156.400000
4275 18177.200000
4276 18194.400000
4277 18178.600000
4278 18181.400000
4279 18193.400000
4280 18214.200000
4281 18208.200000
4282 18229.000000
4283 18228.400000
4284 18239.400000
4285 18562.800000
4286 18411.800000
4287 18374.200000
4288 18309.200000
4289 18301.600000
4290 18298.400000
4291 18329.800000
4292 18421.200000
4293 18354.400000
4294 18330.400000
4295 18342.800000
4296 18369.800000
4297 18363.200000
4298 18386.400000
4299 18459.200000
4300 18439.600000
4301 18405.400000
4302 18400.800000
4303 19710.200000
4304 19288.000000
4305 18529.200000
4306 18682.400000
4307 18491.600000
4308 18468.200000
4309 18546.200000
4310 18518.800000
4311 18474.800000
4312 18474.200000
4313 19018.200000
4314 18569.000000
4315 19237.600000
4316 18602.000000
4317 18552.200000
4318 18541.400000
4319 18538.800000
4320 18550.800000
4321 18548.000000
4322 18560.600000
4323 18561.200000
4324 18582.400000
4325 18584.200000
4326 18645.000000
4327 18604.600000
4328 18650.800000
4329 18618.400000
4330 18673.000000
4331 18636.200000
4332 18645.400000
4333 18665.200000
4334 18697.600000
4335 18671.000000
4336 18835.000000
4337 18692.200000
4338 18741.400000
4339 18738.400000
4340 18726.400000
4341 18722.000000
4342 18775.000000
4343 18734.800000
4344 18740.400000
4345 18757.000000
4346 18758.800000
4347 18780.600000
4348 18782.000000
4349 18781.800000
4350 18873.600000
4351 18846.200000
4352 18849.800000
4353 18874.800000
4354 18892.600000
4355 18878.200000
4356 18891.600000
4357 18902.600000
4358 18908.800000
4359 18912.400000
4360 18923.600000
4361 18923.200000
4362 18906.600000
4363 18912.600000
4364 18933.800000
4365 18926.800000
4366 18936.000000
4367 18938.000000
4368 19017.400000
4369 19261.000000
4370 19004.000000
4371 19022.000000
4372 18984.800000
4373 18986.200000
4374 19011.800000
4375 19012.600000
4376 19030.600000
4377 19037.200000
4378 19030.600000
4379 19053.600000
4380 19055.600000
4381 19060.400000
4382 19069.200000
4383 19085.600000
4384 19092.200000
4385 19123.600000
4386 19266.800000
4387 19192.400000
4388 19146.800000
4389 19154.000000
4390 19160.000000
4391 19147.000000
4392 19160.800000
4393 19163.600000
4394 19174.800000
4395 19181.600000
4396 19198.600000
4397 19197.600000
4398 19209.400000
4399 19219.000000
4400 19224.600000
4401 19234.600000
4402 19243.800000
4403 19257.800000
4404 19264.000000
4405 19281.400000
4406 19275.000000
4407 19292.400000
4408 19298.800000
4409 19315.800000
4410 19321.000000
4411 19323.800000
4412 19334.400000
4413 19344.000000
4414 19358.400000
4415 19361.200000
4416 19384.800000
4417 19378.200000
4418 19382.200000
4419 19387.200000
4420 19405.200000
4421 19402.200000
4422 19419.400000
4423 19424.000000
4424 19429.400000
4425 19444.000000
4426 19456.600000
4427 19458.000000
4428 19471.000000
4429 19482.600000
4430 19487.600000
4431 19498.600000
4432 19509.200000
4433 19511.000000
4434 19522.000000
4435 19527.000000
4436 19539.000000
4437 19551.800000
4438 19554.000000
4439 19561.000000
4440 19572.400000
4441 19583.000000
4442 19604.200000
4443 19596.400000
4444 19611.800000
4445 19634.200000
4446 19629.200000
4447 19634.200000
4448 19646.600000
4449 19659.000000
4450 19664.600000
4451 19665.600000
4452 19675.800000
4453 19688.000000
4454 19695.800000
4455 19702.800000
4456 19712.800000
4457 19733.400000
4458 19726.800000
4459 19740.200000
4460 19744.600000
4461 19753.000000
4462 19765.800000
4463 19776.000000
4464 19782.600000
4465 19810.200000
4466 19804.800000
4467 19814.200000
4468 19815.600000
4469 19831.600000
4470 19833.200000
4471 19842.000000
4472 19858.000000
4473 19858.200000
4474 19869.000000
4475 19878.200000
4476 19881.600000
4477 19902.600000
4478 19909.400000
4479 19914.000000
4480 19927.400000
4481 19931.000000
4482 19942.600000
4483 19950.200000
4484 19961.000000
4485 19966.200000
4486 19996.000000
4487 19985.800000
4488 19998.600000
4489 20005.600000
4490 20012.200000
4491 20022.200000
4492 20030.400000
4493 20047.200000
4494 20047.000000
4495 20051.800000
4496 20067.600000
4497 20073.600000
4498 20089.200000
4499 20097.800000
4500 20101.200000
4501 20108.200000
4502 20120.000000
4503 20121.200000
4504 20136.400000
4505 20142.000000
4506 20154.200000
4507 20197.200000
4508 20180.200000
4509 20199.000000
4510 20208.000000
4511 20202.200000
4512 20212.400000
4513 20216.600000
4514 20220.200000
4515 20236.000000
4516 20244.800000
4517 20246.800000
4518 20262.600000
4519 20263.800000
4520 20274.800000
4521 20291.400000
4522 20300.800000
4523 20310.400000
4524 20311.400000
4525 20324.800000
4526 20343.000000
4527 20366.800000
4528 20346.000000
4529 20359.200000
4530 20365.000000
4531 20375.800000
4532 20381.400000
4533 20396.400000
4534 20400.600000
4535 20410.400000
4536 20418.200000
4537 20432.200000
4538 20439.400000
4539 20443.200000
4540 20456.800000
4541 20466.000000
4542 20470.000000
4543 20482.200000
4544 20492.400000
4545 20527.600000
4546 20511.800000
4547 20530.200000
4548 20531.800000
4549 20539.200000
4550 20539.800000
4551 20557.200000
4552 20569.600000
4553 20573.000000
4554 20582.200000
4555 20591.400000
4556 20598.400000
4557 20607.400000
4558 20608.800000
4559 20622.800000
4560 20634.000000
4561 20647.400000
4562 20657.800000
4563 20662.600000
4564 20673.000000
4565 20677.400000
4566 20687.400000
4567 20692.800000
4568 20712.400000
4569 20718.200000
4570 20727.800000
4571 20739.400000
4572 20744.400000
4573 20758.800000
4574 20767.200000
4575 20773.800000
4576 20776.400000
4577 20785.800000
4578 20802.600000
4579 20800.800000
4580 20819.000000
4581 20828.000000
4582 20836.200000
4583 20842.400000
4584 20857.400000
4585 20859.400000
4586 20875.800000
4587 20884.800000
4588 20894.800000
4589 20902.400000
4590 20906.800000
4591 20918.400000
4592 20925.800000
4593 20929.200000
4594 20951.000000
4595 20955.000000
4596 20958.600000
4597 20971.800000
4598 20982.000000
4599 20984.200000
4600 20992.600000
4601 21007.400000
4602 21010.200000
4603 21026.400000
4604 21051.000000
4605 21043.800000
4606 21055.800000
4607 21055.200000
4608 21069.600000
4609 21077.200000
4610 21088.600000
4611 21094.000000
4612 21104.600000
4613 21111.000000
4614 21126.000000
4615 21130.000000
4616 21145.000000
4617 21154.600000
4618 21161.400000
4619 21168.000000
4620 21172.400000
4621 21192.200000
4622 21199.600000
4623 21204.600000
4624 21217.800000
4625 21223.200000
4626 21236.400000
4627 21232.600000
4628 21252.000000
4629 21267.400000
4630 21270.400000
4631 21281.000000
4632 21289.400000
4633 21297.000000
4634 21306.800000
4635 21316.800000
4636 21322.200000
4637 21333.400000
4638 21342.200000
4639 21355.800000
4640 21356.000000
4641 21365.600000
4642 21379.000000
4643 21392.800000
4644 21399.800000
4645 21404.800000
4646 21422.000000
4647 21421.800000
4648 21438.600000
4649 21467.400000
4650 21442.400000
4651 21464.400000
4652 21471.800000
4653 21484.000000
4654 21503.400000
4655 21503.000000
4656 21508.800000
4657 21515.000000
4658 21533.000000
4659 21539.200000
4660 21548.200000
4661 21561.200000
4662 21561.800000
4663 21579.400000
4664 21576.000000
4665 21588.200000
4666 21601.600000
4667 21606.000000
4668 21619.200000
4669 21636.000000
4670 21635.600000
4671 21643.400000
4672 21662.400000
4673 21664.600000
4674 21678.000000
4675 21682.800000
4676 21693.600000
4677 21705.000000
4678 21711.400000
4679 21719.000000
4680 21729.800000
4681 21741.800000
4682 21747.400000
4683 21752.600000
4684 21759.000000
4685 21973.600000
4686 22074.000000
4687 21790.800000
4688 21801.000000
4689 21816.000000
4690 21819.400000
4691 21835.400000
4692 21839.800000
4693 21852.400000
4694 21856.200000
4695 21864.800000
4696 21872.600000
4697 21883.200000
4698 21906.600000
4699 21911.600000
4700 21910.200000
4701 21917.000000
4702 21935.000000
4703 21943.200000
4704 21953.600000
4705 21959.400000
4706 21966.000000
4707 21974.000000
4708 21988.800000
4709 22002.000000
4710 22012.400000
4711 22015.000000
4712 22026.400000
4713 22038.800000
4714 22048.400000
4715 22052.600000
4716 22062.400000
4717 22065.800000
4718 22075.600000
4719 22096.000000
4720 22096.000000
4721 22111.800000
4722 22117.400000
4723 22128.200000
4724 22134.400000
4725 22142.200000
4726 22156.200000
4727 22167.000000
4728 22168.800000
4729 22180.800000
4730 22187.600000
4731 22196.000000
4732 22215.400000
4733 22219.200000
4734 22231.600000
4735 22237.000000
4736 22243.600000
4737 22260.000000
4738 22268.400000
4739 22277.400000
4740 22284.000000
4741 22294.400000
4742 22320.600000
4743 22317.400000
4744 22316.000000
4745 22325.800000
4746 22340.800000
4747 22354.800000
4748 22359.800000
4749 22372.400000
4750 22381.400000
4751 22382.400000
4752 22401.400000
4753 22400.200000
4754 22413.800000
4755 22419.400000
4756 22431.400000
4757 22449.200000
4758 22448.800000
4759 22460.200000
4760 22471.200000
4761 22478.400000
4762 22485.200000
4763 22498.000000
4764 22509.000000
4765 22512.600000
4766 22527.200000
4767 22534.200000
4768 22549.400000
4769 22553.200000
4770 22566.600000
4771 22571.000000
4772 22580.200000
4773 22596.000000
4774 22612.400000
4775 22613.400000
4776 22619.800000
4777 22633.600000
4778 22638.600000
4779 22647.000000
4780 22652.200000
4781 22674.600000
4782 22676.800000
4783 22686.600000
4784 22693.400000
4785 22710.200000
4786 22718.000000
4787 22724.000000
4788 22739.200000
4789 22744.800000
4790 22755.600000
4791 22759.400000
4792 22774.600000
4793 22783.800000
4794 22794.400000
4795 22804.600000
4796 22814.400000
4797 22818.400000
4798 22833.400000
4799 22842.200000
4800 22843.200000
4801 22861.800000
4802 22862.600000
4803 22883.800000
4804 22887.800000
4805 22888.800000
4806 22905.600000
4807 22922.200000
4808 22932.200000
4809 22932.600000
4810 22943.800000
4811 22955.000000
4812 22969.600000
4813 22974.000000
4814 22995.600000
4815 23003.800000
4816 23010.400000
4817 23017.000000
4818 23018.000000
4819 23025.800000
4820 23042.200000
4821 23052.200000
4822 23060.800000
4823 23065.800000
4824 23076.200000
4825 23088.400000
4826 23095.600000
4827 23102.200000
4828 23117.000000
4829 23120.800000
4830 23134.000000
4831 23138.800000
4832 23143.000000
4833 23164.000000
4834 23174.800000
4835 23179.200000
4836 23189.200000
4837 23205.600000
4838 23218.400000
4839 23213.400000
4840 23222.600000
4841 23230.200000
4842 23241.600000
4843 23257.400000
4844 23267.600000
4845 23275.000000
4846 23288.000000
4847 23295.800000
4848 23296.600000
4849 23316.800000
4850 23321.400000
4851 23335.000000
4852 23341.800000
4853 23347.800000
4854 23367.400000
4855 23369.400000
4856 23377.800000
4857 23387.600000
4858 23398.000000
4859 23405.200000
4860 23425.200000
4861 23428.400000
4862 23431.400000
4863 23451.000000
4864 23462.800000
4865 23472.800000
4866 23474.000000
4867 23493.400000
4868 23490.800000
4869 23499.200000
4870 23517.600000
4871 23525.200000
4872 23544.000000
4873 23541.800000
4874 23550.200000
4875 23569.800000
4876 23572.600000
4877 23588.000000
4878 23588.600000
4879 23606.400000
4880 23616.800000
4881 23624.600000
4882 23633.800000
4883 23646.400000
4884 23644.800000
4885 23660.800000
4886 23666.000000
4887 23679.000000
4888 23686.200000
4889 23700.000000
4890 23705.200000
4891 23714.400000
4892 23725.000000
4893 23731.800000
4894 23744.600000
4895 23751.800000
4896 23757.200000
4897 23773.000000
4898 23783.200000
4899 23789.000000
4900 23805.000000
4901 23814.600000
4902 23820.200000
4903 23828.200000
4904 23839.200000
4905 23852.200000
4906 23858.200000
4907 23867.200000
4908 23881.000000
4909 23891.800000
4910 23904.200000
4911 23900.800000
4912 23921.200000
4913 23926.200000
4914 23934.400000
4915 23947.600000
4916 23956.800000
4917 23964.200000
4918 23977.400000
4919 23992.800000
4920 24003.800000
4921 24002.000000
4922 24020.600000
4923 24028.200000
4924 24035.400000
4925 24044.200000
4926 24051.200000
4927 24069.000000
4928 24078.800000
4929 24081.600000
4930 24096.600000
4931 24106.800000
4932 24111.600000
4933 24129.400000
4934 24132.000000
4935 24137.800000
4936 24154.200000
4937 24157.200000
4938 24167.400000
4939 24182.800000
4940 24189.200000
4941 24203.400000
4942 24210.000000
4943 24223.600000
4944 24247.400000
4945 24238.400000
4946 24244.800000
4947 24261.400000
4948 24270.600000
4949 24279.000000
4950 24282.000000
4951 24302.400000
4952 24311.600000
4953 24320.200000
4954 24327.000000
4955 24343.200000
4956 24346.400000
4957 24361.400000
4958 24364.600000
4959 24375.000000
4960 24386.400000
4961 24395.200000
4962 24405.800000
4963 24422.600000
4964 24427.600000
4965 24434.800000
4966 24437.400000
4967 24446.200000
4968 24467.200000
4969 24467.800000
4970 24488.800000
4971 24489.800000
4972 24501.800000
4973 24510.800000
4974 24525.000000
4975 24538.600000
4976 24542.600000
4977 24549.200000
4978 24554.000000
4979 24570.000000
4980 24580.400000
4981 24588.000000
4982 24599.800000
4983 24610.400000
4984 24619.800000
4985 24633.400000
4986 24637.200000
4987 24651.400000
4988 24671.200000
4989 24661.600000
4990 24678.600000
4991 24687.000000
4992 24701.400000
4993 24714.200000
4994 24712.200000
4995 24730.200000
4996 24756.600000
4997 24753.800000
4998 24755.400000
4999 24764.000000
