0 0.600000
1 0.600000
2 0.800000
3 1.000000
4 1.000000
5 1.600000
6 1.200000
7 1.400000
8 2.000000
9 2.200000
10 2.200000
11 2.600000
12 2.600000
13 2.800000
14 3.000000
15 3.000000
16 4.000000
17 3.800000
18 4.000000
19 7.800000
20 4.600000
21 5.600000
22 5.400000
23 5.800000
24 6.400000
25 6.200000
26 6.800000
27 7.000000
28 7.600000
29 7.800000
30 8.200000
31 9.000000
32 9.000000
33 9.200000
34 10.000000
35 10.600000
36 10.600000
37 10.600000
38 11.400000
39 11.800000
40 12.200000
41 12.400000
42 13.000000
43 14.400000
44 14.600000
45 15.000000
46 15.200000
47 15.800000
48 16.000000
49 16.600000
50 17.200000
51 18.000000
52 18.400000
53 19.000000
54 20.000000
55 20.200000
56 21.200000
57 21.400000
58 22.600000
59 22.800000
60 22.800000
61 23.400000
62 24.400000
63 24.600000
64 25.200000
65 34.200000
66 28.400000
67 9.000000
68 9.600000
69 9.200000
70 9.600000
71 10.200000
72 10.600000
73 10.200000
74 10.800000
75 11.000000
76 11.800000
77 11.800000
78 12.000000
79 14.400000
80 12.000000
81 12.600000
82 12.600000
83 13.400000
84 13.400000
85 13.800000
86 14.000000
87 14.200000
88 14.600000
89 15.000000
90 15.400000
91 15.200000
92 16.000000
93 15.800000
94 15.800000
95 16.000000
96 16.200000
97 16.400000
98 17.200000
99 17.000000
100 17.600000
101 17.800000
102 18.000000
103 18.400000
104 18.000000
105 18.800000
106 19.200000
107 19.800000
108 20.000000
109 20.200000
110 20.400000
111 20.800000
112 21.200000
113 21.400000
114 22.200000
115 22.200000
116 22.400000
117 22.800000
118 23.400000
119 23.400000
120 24.400000
121 25.600000
122 24.200000
123 24.400000
124 25.400000
125 25.600000
126 25.800000
127 26.200000
128 27.000000
129 26.800000
130 27.600000
131 28.000000
132 28.200000
133 28.600000
134 32.000000
135 28.600000
136 28.600000
137 29.000000
138 30.200000
139 29.400000
140 30.400000
141 30.400000
142 31.000000
143 31.200000
144 31.600000
145 32.000000
146 32.600000
147 32.800000
148 33.400000
149 34.000000
150 34.000000
151 34.400000
152 35.000000
153 35.600000
154 36.000000
155 36.000000
156 36.400000
157 37.000000
158 37.200000
159 37.800000
160 38.800000
161 39.600000
162 41.600000
163 38.200000
164 39.000000
165 39.400000
166 39.400000
167 39.600000
168 40.200000
169 41.000000
170 41.400000
171 43.600000
172 41.000000
173 41.400000
174 42.000000
175 45.000000
176 41.800000
177 42.000000
178 42.200000
179 43.000000
180 43.200000
181 44.000000
182 43.800000
183 44.600000
184 44.800000
185 45.000000
186 46.800000
187 46.000000
188 47.000000
189 47.200000
190 47.800000
191 48.000000
192 48.800000
193 49.400000
194 49.000000
195 50.000000
196 50.600000
197 50.800000
198 51.200000
199 51.600000
200 52.200000
201 52.800000
202 53.400000
203 53.400000
204 55.600000
205 54.000000
206 55.200000
207 55.800000
208 55.600000
209 57.400000
210 56.800000
211 57.400000
212 58.000000
213 58.400000
214 59.400000
215 59.200000
216 59.800000
217 60.000000
218 60.800000
219 61.600000
220 62.200000
221 62.400000
222 64.200000
223 63.400000
224 64.200000
225 64.400000
226 65.000000
227 65.200000
228 66.000000
229 66.800000
230 67.400000
231 67.200000
232 68.200000
233 69.200000
234 69.600000
235 69.600000
236 70.400000
237 70.800000
238 71.800000
239 72.600000
240 73.600000
241 73.000000
242 74.200000
243 74.600000
244 75.200000
245 75.400000
246 75.600000
247 76.600000
248 77.200000
249 78.000000
250 78.400000
251 79.400000
252 79.000000
253 80.000000
254 80.600000
255 81.400000
256 80.600000
257 81.200000
258 83.000000
259 83.600000
260 84.000000
261 85.000000
262 85.400000
263 88.800000
264 83.600000
265 84.800000
266 85.000000
267 85.800000
268 86.400000
269 87.400000
270 88.400000
271 90.400000
272 89.000000
273 90.200000
274 90.000000
275 90.200000
276 91.200000
277 92.600000
278 93.800000
279 93.200000
280 93.600000
281 94.600000
282 94.800000
283 95.800000
284 96.000000
285 96.800000
286 97.400000
287 98.200000
288 99.200000
289 100.000000
290 100.600000
291 100.400000
292 102.200000
293 101.600000
294 102.200000
295 104.000000
296 104.200000
297 105.200000
298 104.800000
299 105.800000
300 109.200000
301 107.000000
302 107.400000
303 107.400000
304 109.200000
305 109.400000
306 109.800000
307 111.400000
308 111.800000
309 112.200000
310 113.000000
311 113.600000
312 113.600000
313 114.400000
314 115.200000
315 115.800000
316 116.800000
317 118.000000
318 118.800000
319 119.600000
320 118.800000
321 120.000000
322 120.800000
323 123.000000
324 122.000000
325 122.600000
326 123.600000
327 124.800000
328 124.600000
329 126.200000
330 127.600000
331 127.600000
332 128.400000
333 128.200000
334 128.800000
335 130.200000
336 130.800000
337 130.800000
338 132.400000
339 133.800000
340 133.400000
341 135.000000
342 134.800000
343 135.600000
344 136.600000
345 136.400000
346 137.400000
347 138.400000
348 139.400000
349 141.000000
350 141.600000
351 142.400000
352 142.000000
353 143.000000
354 143.800000
355 144.200000
356 145.400000
357 145.800000
358 148.400000
359 149.600000
360 148.800000
361 148.800000
362 149.800000
363 150.800000
364 152.200000
365 152.600000
366 152.600000
367 154.600000
368 154.600000
369 156.200000
370 156.400000
371 156.000000
372 158.200000
373 157.800000
374 158.600000
375 158.800000
376 161.200000
377 162.800000
378 162.800000
379 163.400000
380 165.400000
381 164.800000
382 165.800000
383 166.200000
384 167.600000
385 168.200000
386 169.800000
387 170.400000
388 171.200000
389 171.200000
390 172.400000
391 173.200000
392 176.000000
393 174.800000
394 176.800000
395 176.600000
396 178.200000
397 178.600000
398 178.800000
399 181.800000
400 180.400000
401 182.800000
402 182.800000
403 184.600000
404 185.200000
405 185.400000
406 185.800000
407 187.600000
408 188.000000
409 189.200000
410 189.400000
411 190.000000
412 192.200000
413 192.200000
414 193.000000
415 194.000000
416 195.600000
417 196.400000
418 196.600000
419 199.200000
420 199.200000
421 200.000000
422 200.400000
423 200.200000
424 202.000000
425 203.800000
426 204.200000
427 204.800000
428 204.400000
429 207.600000
430 207.400000
431 209.800000
432 210.400000
433 209.200000
434 211.400000
435 212.600000
436 212.000000
437 213.800000
438 215.000000
439 215.800000
440 217.800000
441 216.600000
442 218.800000
443 221.400000
444 220.600000
445 222.200000
446 223.200000
447 223.000000
448 223.400000
449 225.600000
450 226.600000
451 227.600000
452 227.800000
453 229.000000
454 230.400000
455 232.600000
456 231.800000
457 231.600000
458 234.000000
459 235.200000
460 237.400000
461 237.600000
462 239.200000
463 238.800000
464 239.000000
465 239.800000
466 241.000000
467 242.600000
468 244.000000
469 245.400000
470 245.600000
471 246.600000
472 248.400000
473 248.000000
474 250.400000
475 249.800000
476 251.800000
477 251.600000
478 252.600000
479 254.000000
480 257.200000
481 257.000000
482 256.600000
483 257.400000
484 261.000000
485 260.600000
486 261.600000
487 264.400000
488 262.000000
489 264.800000
490 265.000000
491 265.200000
492 269.800000
493 269.800000
494 270.400000
495 269.600000
496 271.400000
497 273.800000
498 274.400000
499 275.600000
500 275.200000
501 277.000000
502 279.400000
503 279.200000
504 280.600000
505 284.000000
506 281.800000
507 283.000000
508 283.000000
509 287.800000
510 287.400000
511 287.200000
512 289.600000
513 289.600000
514 291.800000
515 291.000000
516 292.800000
517 295.000000
518 295.800000
519 296.800000
520 297.600000
521 296.400000
522 299.200000
523 301.400000
524 302.600000
525 302.200000
526 303.800000
527 305.200000
528 353.600000
529 310.600000
530 310.800000
531 310.800000
532 312.600000
533 313.600000
534 321.800000
535 315.600000
536 317.200000
537 318.200000
538 318.800000
539 320.200000
540 321.800000
541 321.400000
542 322.800000
543 326.400000
544 326.000000
545 327.000000
546 327.400000
547 328.600000
548 330.800000
549 330.400000
550 333.200000
551 334.000000
552 336.400000
553 335.200000
554 335.600000
555 339.000000
556 337.400000
557 339.200000
558 342.000000
559 343.800000
560 342.800000
561 345.200000
562 345.800000
563 346.600000
564 360.600000
565 350.000000
566 352.000000
567 351.800000
568 354.600000
569 353.800000
570 356.800000
571 355.600000
572 357.600000
573 358.600000
574 361.200000
575 362.600000
576 363.800000
577 363.600000
578 366.400000
579 367.200000
580 369.600000
581 371.000000
582 370.000000
583 372.600000
584 374.200000
585 374.800000
586 374.200000
587 375.800000
588 378.400000
589 380.000000
590 381.400000
591 381.600000
592 382.000000
593 384.800000
594 386.600000
595 387.800000
596 387.400000
597 390.200000
598 389.800000
599 392.400000
600 392.000000
601 414.600000
602 396.400000
603 398.400000
604 398.400000
605 399.600000
606 400.200000
607 402.400000
608 401.400000
609 403.600000
610 405.800000
611 407.000000
612 408.600000
613 409.600000
614 410.800000
615 412.400000
616 411.600000
617 415.400000
618 414.600000
619 418.400000
620 418.200000
621 417.600000
622 420.400000
623 422.800000
624 424.400000
625 425.000000
626 426.600000
627 427.800000
628 427.000000
629 428.800000
630 432.400000
631 431.800000
632 435.000000
633 436.000000
634 436.400000
635 438.400000
636 440.000000
637 441.800000
638 442.000000
639 443.400000
640 444.200000
641 446.800000
642 446.200000
643 448.800000
644 450.200000
645 452.000000
646 453.800000
647 453.600000
648 454.600000
649 456.800000
650 458.200000
651 458.000000
652 461.400000
653 462.600000
654 463.400000
655 466.000000
656 465.600000
657 468.400000
658 468.400000
659 471.400000
660 472.600000
661 473.600000
662 474.000000
663 476.600000
664 477.400000
665 477.800000
666 478.600000
667 480.200000
668 482.800000
669 485.200000
670 485.800000
671 487.600000
672 487.600000
673 487.800000
674 491.600000
675 495.400000
676 494.400000
677 496.600000
678 499.000000
679 499.600000
680 500.400000
681 498.600000
682 503.600000
683 502.600000
684 505.600000
685 507.800000
686 507.200000
687 507.200000
688 511.200000
689 511.000000
690 511.600000
691 513.800000
692 513.000000
693 518.200000
694 516.400000
695 517.200000
696 521.800000
697 524.800000
698 525.000000
699 524.400000
700 528.400000
701 529.800000
702 527.800000
703 529.200000
704 534.000000
705 534.800000
706 538.200000
707 539.400000
708 538.600000
709 541.000000
710 542.400000
711 544.400000
712 546.400000
713 545.600000
714 549.000000
715 549.800000
716 550.200000
717 552.600000
718 552.000000
719 556.200000
720 556.400000
721 558.400000
722 561.200000
723 562.800000
724 564.000000
725 561.000000
726 567.600000
727 568.800000
728 570.200000
729 572.000000
730 571.200000
731 574.400000
732 575.800000
733 573.400000
734 579.800000
735 578.800000
736 580.000000
737 584.400000
738 586.600000
739 584.200000
740 584.600000
741 592.000000
742 590.400000
743 593.400000
744 594.400000
745 594.200000
746 595.600000
747 599.200000
748 598.600000
749 600.000000
750 601.600000
751 604.200000
752 605.400000
753 607.000000
754 608.400000
755 610.400000
756 608.600000
757 614.000000
758 617.400000
759 616.000000
760 619.200000
761 617.800000
762 620.400000
763 624.000000
764 624.200000
765 623.000000
766 629.200000
767 629.800000
768 630.400000
769 631.600000
770 633.600000
771 634.400000
772 634.600000
773 637.800000
774 638.800000
775 644.800000
776 636.600000
777 644.000000
778 648.600000
779 648.000000
780 649.000000
781 652.000000
782 647.800000
783 656.400000
784 658.400000
785 659.600000
786 652.400000
787 657.000000
788 661.800000
789 665.800000
790 665.400000
791 669.000000
792 661.200000
793 664.200000
794 673.600000
795 674.000000
796 670.200000
797 679.400000
798 670.000000
799 683.200000
800 683.800000
801 682.800000
802 680.200000
803 689.000000
804 689.600000
805 690.200000
806 694.800000
807 694.800000
808 697.000000
809 699.600000
810 698.800000
811 699.400000
812 699.800000
813 702.600000
814 707.200000
815 707.400000
816 705.000000
817 711.800000
818 710.800000
819 713.000000
820 714.600000
821 716.800000
822 719.600000
823 720.200000
824 721.000000
825 722.200000
826 724.800000
827 727.200000
828 731.200000
829 727.200000
830 734.200000
831 734.000000
832 734.400000
833 735.800000
834 737.800000
835 743.600000
836 746.400000
837 745.200000
838 745.400000
839 747.400000
840 776.200000
841 754.200000
842 750.400000
843 753.000000
844 763.000000
845 760.400000
846 763.600000
847 764.400000
848 765.000000
849 765.600000
850 765.200000
851 769.400000
852 773.400000
853 773.200000
854 769.800000
855 777.200000
856 776.600000
857 776.200000
858 783.400000
859 780.200000
860 787.400000
861 802.800000
862 788.600000
863 790.800000
864 798.000000
865 793.600000
866 793.600000
867 800.200000
868 803.200000
869 802.000000
870 802.600000
871 806.400000
872 804.800000
873 807.600000
874 806.600000
875 812.400000
876 815.800000
877 817.400000
878 816.600000
879 818.600000
880 819.000000
881 819.600000
882 825.800000
883 824.000000
884 830.400000
885 831.400000
886 831.000000
887 833.000000
888 837.000000
889 849.000000
890 841.800000
891 841.400000
892 844.000000
893 845.800000
894 848.600000
895 848.400000
896 851.000000
897 850.000000
898 855.800000
899 854.000000
900 858.800000
901 861.000000
902 862.000000
903 865.400000
904 867.800000
905 867.000000
906 864.200000
907 872.800000
908 871.000000
909 873.200000
910 877.000000
911 876.400000
912 881.000000
913 884.200000
914 886.600000
915 884.800000
916 887.600000
917 890.200000
918 893.800000
919 892.600000
920 896.800000
921 898.000000
922 897.800000
923 902.600000
924 898.000000
925 906.200000
926 905.600000
927 906.400000
928 911.600000
929 911.400000
930 911.000000
931 915.200000
932 918.800000
933 922.200000
934 916.200000
935 925.600000
936 921.000000
937 927.600000
938 929.000000
939 932.800000
940 932.400000
941 932.800000
942 935.400000
943 941.800000
944 939.800000
945 944.000000
946 940.200000
947 947.600000
948 947.600000
949 952.000000
950 950.400000
951 957.600000
952 956.400000
953 959.400000
954 962.400000
955 965.600000
956 966.000000
957 969.000000
958 963.800000
959 973.400000
960 972.800000
961 975.600000
962 977.200000
963 979.000000
964 981.200000
965 980.400000
966 984.000000
967 984.400000
968 989.200000
969 982.200000
970 995.000000
971 995.200000
972 998.200000
973 994.400000
974 991.000000
975 1005.000000
976 1006.200000
977 1005.400000
978 1005.000000
979 1010.400000
980 1013.600000
981 1013.800000
982 1014.400000
983 1051.000000
984 1033.600000
985 1024.600000
986 1024.400000
987 1029.400000
988 1031.400000
989 1020.800000
990 1034.400000
991 1037.800000
992 1038.800000
993 1050.000000
994 1036.800000
995 1044.200000
996 1045.800000
997 1043.400000
998 1040.000000
999 1051.800000
1000 1054.800000
1001 1056.800000
1002 1054.400000
1003 1054.600000
1004 1055.800000
1005 1062.600000
1006 1062.600000
1007 1068.200000
1008 1068.000000
1009 1070.400000
1010 1070.800000
1011 1075.400000
1012 1079.000000
1013 1080.400000
1014 1076.600000
1015 1084.600000
1016 1082.800000
1017 1090.000000
1018 1081.400000
1019 1092.200000
1020 1093.000000
1021 1098.000000
1022 1092.400000
1023 1097.000000
1024 1100.200000
1025 1103.000000
1026 1108.200000
1027 1109.800000
1028 1103.600000
1029 1102.200000
1030 1109.800000
1031 1118.600000
1032 1103.400000
1033 1121.600000
1034 1126.800000
1035 1127.400000
1036 1115.600000
1037 1113.400000
1038 1133.800000
1039 1133.600000
1040 1138.200000
1041 1173.200000
1042 1142.400000
1043 1142.400000
1044 1146.200000
1045 1148.600000
1046 1146.800000
1047 1148.000000
1048 1152.000000
1049 1156.000000
1050 1172.800000
1051 1159.600000
1052 1155.000000
1053 1163.600000
1054 1163.000000
1055 1168.400000
1056 1169.400000
1057 1170.800000
1058 1174.400000
1059 1175.200000
1060 1179.000000
1061 1179.200000
1062 1183.800000
1063 1188.000000
1064 1188.600000
1065 1192.000000
1066 1195.200000
1067 1194.600000
1068 1194.400000
1069 1196.800000
1070 1202.600000
1071 1203.400000
1072 1202.200000
1073 1208.000000
1074 1207.600000
1075 1213.200000
1076 1210.000000
1077 1214.000000
1078 1219.400000
1079 1222.200000
1080 1224.000000
1081 1224.800000
1082 1225.800000
1083 1226.800000
1084 1232.600000
1085 1231.800000
1086 1229.800000
1087 1240.200000
1088 1241.800000
1089 1240.000000
1090 1245.000000
1091 1248.000000
1092 1247.600000
1093 1250.800000
1094 1254.600000
1095 1260.000000
1096 1254.800000
1097 1260.400000
1098 1261.800000
1099 1265.400000
1100 1267.600000
1101 1267.600000
1102 1265.600000
1103 1272.400000
1104 1272.800000
1105 1279.000000
1106 1280.800000
1107 1280.200000
1108 1282.600000
1109 1289.000000
1110 1285.200000
1111 1294.200000
1112 1296.000000
1113 1299.200000
1114 1298.600000
1115 1301.600000
1116 1305.600000
1117 1309.000000
1118 1308.000000
1119 1312.000000
1120 1314.600000
1121 1316.800000
1122 1317.200000
1123 1320.400000
1124 1322.800000
1125 1326.000000
1126 1326.400000
1127 1328.800000
1128 1327.600000
1129 1334.000000
1130 1337.800000
1131 1339.600000
1132 1339.200000
1133 1340.600000
1134 1344.600000
1135 1346.400000
1136 1346.600000
1137 1344.400000
1138 1355.600000
1139 1356.800000
1140 1355.600000
1141 1362.400000
1142 1351.600000
1143 1367.600000
1144 1352.200000
1145 1371.600000
1146 1373.400000
1147 1375.000000
1148 1373.800000
1149 1379.800000
1150 1372.800000
1151 1385.800000
1152 1388.000000
1153 1390.400000
1154 1392.400000
1155 1386.600000
1156 1396.400000
1157 1398.600000
1158 1390.400000
1159 1396.800000
1160 1407.200000
1161 1409.200000
1162 1410.000000
1163 1414.400000
1164 1396.200000
1165 1414.200000
1166 1421.800000
1167 1410.000000
1168 1425.800000
1169 1408.800000
1170 1413.400000
1171 1432.400000
1172 1434.200000
1173 1428.800000
1174 1420.600000
1175 1439.600000
1176 1432.000000
1177 1433.000000
1178 1436.400000
1179 1437.400000
1180 1454.000000
1181 1454.600000
1182 1459.600000
1183 1452.200000
1184 1453.600000
1185 1457.600000
1186 1457.000000
1187 1456.800000
1188 1473.200000
1189 1462.400000
1190 1465.600000
1191 1467.600000
1192 1477.000000
1193 1487.200000
1194 1470.800000
1195 1473.200000
1196 1478.800000
1197 1482.600000
1198 1505.000000
1199 1478.200000
1200 1494.000000
1201 1505.400000
1202 1494.000000
1203 1498.200000
1204 1512.600000
1205 1500.000000
1206 1504.800000
1207 1507.400000
1208 1511.600000
1209 1524.000000
1210 1505.000000
1211 1516.400000
1212 1518.000000
1213 1533.400000
1214 1537.000000
1215 1535.800000
1216 1540.200000
1217 1546.200000
1218 1533.200000
1219 1549.200000
1220 1549.800000
1221 1542.400000
1222 1539.600000
1223 1534.400000
1224 1547.600000
1225 1550.200000
1226 1542.400000
1227 1567.000000
1228 1563.000000
1229 1575.200000
1230 1554.800000
1231 1579.000000
1232 1582.400000
1233 1585.400000
1234 1566.000000
1235 1581.400000
1236 1590.800000
1237 1595.200000
1238 1588.600000
1239 1596.800000
1240 1597.400000
1241 1598.600000
1242 1600.800000
1243 1598.200000
1244 1602.800000
1245 1615.000000
1246 1613.600000
1247 1618.600000
1248 1622.800000
1249 1623.000000
1250 1619.600000
1251 1627.600000
1252 1624.000000
1253 1631.600000
1254 1637.400000
1255 1635.000000
1256 1640.000000
1257 1632.000000
1258 1633.400000
1259 1641.200000
1260 1656.000000
1261 1651.000000
1262 1657.200000
1263 1675.600000
1264 1660.800000
1265 1662.600000
1266 1668.400000
1267 1669.000000
1268 1673.400000
1269 1677.400000
1270 1674.600000
1271 1673.200000
1272 1680.400000
1273 1679.800000
1274 1679.800000
1275 1691.200000
1276 1693.600000
1277 1698.200000
1278 1699.400000
1279 1702.200000
1280 1697.200000
1281 1708.400000
1282 1710.600000
1283 1707.200000
1284 1709.200000
1285 1716.800000
1286 1719.000000
1287 1720.800000
1288 1725.400000
1289 1725.200000
1290 1721.800000
1291 1732.000000
1292 1726.000000
1293 1740.400000
1294 1731.400000
1295 1738.600000
1296 1742.000000
1297 1746.800000
1298 1747.400000
1299 1755.400000
1300 1747.800000
1301 1750.600000
1302 1760.000000
1303 1761.800000
1304 1763.800000
1305 1763.400000
1306 1764.800000
1307 1770.000000
1308 1774.600000
1309 1781.600000
1310 1784.200000
1311 1787.000000
1312 1790.200000
1313 1780.600000
1314 1781.600000
1315 1787.800000
1316 1792.000000
1317 1802.800000
1318 1796.600000
1319 1802.200000
1320 1811.600000
1321 1812.800000
1322 1799.000000
1323 1819.800000
1324 1822.600000
1325 1821.600000
1326 1826.600000
1327 1818.000000
1328 1825.000000
1329 1827.200000
1330 1829.000000
1331 1834.600000
1332 1838.000000
1333 1843.000000
1334 1845.400000
1335 1845.000000
1336 1844.400000
1337 1850.600000
1338 1848.800000
1339 1857.400000
1340 1849.600000
1341 1861.600000
1342 1870.800000
1343 1864.800000
1344 1874.200000
1345 1867.200000
1346 1868.600000
1347 1883.000000
1348 1881.000000
1349 1884.600000
1350 1878.200000
1351 1893.400000
1352 1896.800000
1353 1894.600000
1354 1898.800000
1355 1905.000000
1356 1892.800000
1357 1905.400000
1358 1891.600000
1359 1909.600000
1360 1917.000000
1361 1916.800000
1362 1923.200000
1363 1920.600000
1364 1918.400000
1365 1922.600000
1366 1922.600000
1367 1933.800000
1368 1930.600000
1369 1944.400000
1370 1968.200000
1371 1937.600000
1372 1940.800000
1373 1963.400000
1374 1958.400000
1375 1960.800000
1376 1960.200000
1377 1946.600000
1378 1965.400000
1379 1966.200000
1380 1975.600000
1381 1964.200000
1382 1975.200000
1383 1983.200000
1384 1982.600000
1385 1983.800000
1386 1993.000000
1387 1995.000000
1388 1994.600000
1389 1987.000000
1390 2001.400000
1391 2000.800000
1392 1999.000000
1393 2001.600000
1394 2010.800000
1395 2006.400000
1396 2021.600000
1397 2017.200000
1398 2036.600000
1399 2026.000000
1400 2017.000000
1401 2041.000000
1402 2020.600000
1403 2032.400000
1404 2023.400000
1405 2046.400000
1406 2046.600000
1407 2051.200000
1408 2055.000000
1409 2051.600000
1410 2051.600000
1411 2062.200000
1412 2066.000000
1413 2060.000000
1414 2065.600000
1415 2066.000000
1416 2078.200000
1417 2103.200000
1418 2077.200000
1419 2078.600000
1420 2080.400000
1421 2087.000000
1422 2094.600000
1423 2094.400000
1424 2093.600000
1425 2102.400000
1426 2099.800000
1427 2098.000000
1428 2103.000000
1429 2101.400000
1430 2102.600000
1431 2106.800000
1432 2109.600000
1433 2111.800000
1434 2108.800000
1435 2130.000000
1436 2120.000000
1437 2134.400000
1438 2125.600000
1439 2144.200000
1440 2142.000000
1441 2137.200000
1442 2140.000000
1443 2148.400000
1444 2156.400000
1445 2166.000000
1446 2153.600000
1447 2167.200000
1448 2154.000000
1449 2158.800000
1450 2154.800000
1451 2161.200000
1452 2181.800000
1453 2158.000000
1454 2182.000000
1455 2184.600000
1456 2176.600000
1457 2198.000000
1458 2185.400000
1459 2174.800000
1460 2177.800000
1461 2197.600000
1462 2197.000000
1463 2207.600000
1464 2213.400000
1465 2221.200000
1466 2209.000000
1467 2212.200000
1468 2214.800000
1469 2204.800000
1470 2221.400000
1471 2238.600000
1472 2228.000000
1473 2243.600000
1474 2233.800000
1475 2237.400000
1476 2239.000000
1477 2244.400000
1478 2251.200000
1479 2261.800000
1480 2260.600000
1481 2253.800000
1482 2255.400000
1483 2275.000000
1484 2260.000000
1485 2265.800000
1486 2277.400000
1487 2256.200000
1488 2287.200000
1489 2264.400000
1490 2283.600000
1491 2285.600000
1492 2289.600000
1493 2276.400000
1494 2280.800000
1495 2278.400000
1496 2301.200000
1497 2300.800000
1498 2292.200000
1499 2320.800000
1500 2297.400000
1501 2311.600000
1502 2313.000000
1503 2328.200000
1504 2331.200000
1505 2342.800000
1506 2343.400000
1507 2333.600000
1508 2332.600000
1509 2335.800000
1510 2353.400000
1511 2341.200000
1512 2348.200000
1513 2364.200000
1514 2367.600000
1515 2368.200000
1516 2358.800000
1517 2375.800000
1518 2340.000000
1519 2370.000000
1520 2385.400000
1521 2385.400000
1522 2379.200000
1523 2369.200000
1524 2397.200000
1525 2372.600000
1526 2389.400000
1527 2406.600000
1528 2411.200000
1529 2398.800000
1530 2402.000000
1531 2393.800000
1532 2403.400000
1533 2398.800000
1534 2429.400000
1535 2412.600000
1536 2423.000000
1537 2440.600000
1538 2420.400000
1539 2445.000000
1540 2433.400000
1541 2428.000000
1542 2441.600000
1543 2445.000000
1544 2434.800000
1545 2465.000000
1546 2439.400000
1547 2467.200000
1548 2474.800000
1549 2469.800000
1550 2443.600000
1551 2473.600000
1552 2474.000000
1553 2472.000000
1554 2491.400000
1555 2466.400000
1556 2483.200000
1557 2503.600000
1558 2482.600000
1559 2493.800000
1560 2498.400000
1561 2487.600000
1562 2517.600000
1563 2499.400000
1564 2487.400000
1565 2503.200000
1566 2531.400000
1567 2519.400000
1568 2507.000000
1569 2525.800000
1570 2529.400000
1571 2520.400000
1572 2535.400000
1573 2526.800000
1574 2555.600000
1575 2538.200000
1576 2523.800000
1577 2552.000000
1578 2537.000000
1579 2556.200000
1580 2566.200000
1581 2564.400000
1582 2580.200000
1583 2571.000000
1584 2573.200000
1585 2590.800000
1586 2554.400000
1587 2578.000000
1588 2600.200000
1589 2601.800000
1590 2581.800000
1591 2607.200000
1592 2598.800000
1593 2595.400000
1594 2592.600000
1595 2589.400000
1596 2598.000000
1597 2613.000000
1598 2621.200000
1599 2615.800000
1600 2623.800000
1601 2629.400000
1602 2636.000000
1603 2648.600000
1604 2637.800000
1605 2631.400000
1606 2631.200000
1607 2647.600000
1608 2642.400000
1609 2653.200000
1610 2657.200000
1611 2660.800000
1612 2650.400000
1613 2666.400000
1614 2661.000000
1615 2658.400000
1616 2682.800000
1617 2692.200000
1618 2682.400000
1619 2686.800000
1620 2699.200000
1621 2691.800000
1622 2695.400000
1623 2697.000000
1624 2693.800000
1625 2714.800000
1626 2716.000000
1627 2714.400000
1628 2729.800000
1629 2720.000000
1630 2734.800000
1631 2725.200000
1632 2713.800000
1633 2731.400000
1634 2737.200000
1635 2728.200000
1636 2743.200000
1637 2740.200000
1638 2739.200000
1639 2739.400000
1640 2758.600000
1641 2731.000000
1642 2777.000000
1643 2739.800000
1644 2761.200000
1645 2786.400000
1646 2767.200000
1647 2778.200000
1648 2775.000000
1649 2797.800000
1650 2802.600000
1651 2789.200000
1652 2785.400000
1653 2810.200000
1654 2821.600000
1655 2823.000000
1656 2821.200000
1657 2801.800000
1658 2856.600000
1659 2834.600000
1660 2834.800000
1661 2830.200000
1662 2834.000000
1663 2826.200000
1664 2848.200000
1665 2828.200000
1666 2838.000000
1667 2851.000000
1668 2857.800000
1669 2857.000000
1670 2855.200000
1671 2864.400000
1672 2871.600000
1673 2860.800000
1674 2876.200000
1675 2883.400000
1676 2874.000000
1677 2877.800000
1678 2870.000000
1679 2891.600000
1680 2891.000000
1681 2879.200000
1682 2890.400000
1683 2887.000000
1684 2902.200000
1685 2892.600000
1686 2940.800000
1687 2902.200000
1688 2925.200000
1689 2934.400000
1690 2928.000000
1691 2934.800000
1692 2938.200000
1693 2939.800000
1694 2930.600000
1695 2949.000000
1696 2954.400000
1697 2953.600000
1698 2952.200000
1699 2969.400000
1700 2972.000000
1701 2966.400000
1702 2974.800000
1703 2982.000000
1704 2971.800000
1705 2985.200000
1706 2973.800000
1707 2976.200000
1708 2998.600000
1709 2987.800000
1710 2988.000000
1711 2999.600000
1712 2990.600000
1713 3007.400000
1714 3021.400000
1715 3009.800000
1716 3019.600000
1717 3012.000000
1718 3024.800000
1719 3035.600000
1720 3014.200000
1721 3033.200000
1722 3046.600000
1723 3043.800000
1724 3050.200000
1725 3053.800000
1726 3062.800000
1727 3058.400000
1728 3071.000000
1729 3061.000000
1730 3068.600000
1731 3074.400000
1732 3077.200000
1733 3063.400000
1734 3071.600000
1735 3085.000000
1736 3085.800000
1737 3089.400000
1738 3096.400000
1739 3090.600000
1740 3101.200000
1741 3096.200000
1742 3094.200000
1743 3103.200000
1744 3127.200000
1745 3118.600000
1746 3120.400000
1747 3134.800000
1748 3118.200000
1749 3132.000000
1750 3138.600000
1751 3138.200000
1752 3148.400000
1753 3147.400000
1754 3142.000000
1755 3159.400000
1756 3163.000000
1757 3159.800000
1758 3167.200000
1759 3172.400000
1760 3173.800000
1761 3180.800000
1762 3208.400000
1763 3177.000000
1764 3192.400000
1765 3197.800000
1766 3201.400000
1767 3196.200000
1768 3192.200000
1769 3206.800000
1770 3221.000000
1771 3198.400000
1772 3209.600000
1773 3224.600000
1774 3216.800000
1775 3220.600000
1776 3215.800000
1777 3241.000000
1778 3234.000000
1779 3237.000000
1780 3246.600000
1781 3253.800000
1782 3244.200000
1783 3255.200000
1784 3247.600000
1785 3251.600000
1786 3258.400000
1787 3276.400000
1788 3276.600000
1789 3282.200000
1790 3278.000000
1791 3272.600000
1792 3290.600000
1793 3285.600000
1794 3290.200000
1795 3291.200000
1796 3307.000000
1797 3291.600000
1798 3313.000000
1799 3326.800000
1800 3324.400000
1801 3321.800000
1802 3324.400000
1803 3332.000000
1804 3381.400000
1805 3343.000000
1806 3381.200000
1807 3314.200000
1808 3326.000000
1809 3360.800000
1810 3353.400000
1811 3324.800000
1812 3376.000000
1813 3357.400000
1814 3354.200000
1815 3347.600000
1816 3366.800000
1817 3382.600000
1818 3374.800000
1819 3368.000000
1820 3395.400000
1821 3370.600000
1822 3377.600000
1823 3381.800000
1824 3411.000000
1825 3401.000000
1826 3376.800000
1827 3409.400000
1828 3401.200000
1829 3422.600000
1830 3419.800000
1831 3397.000000
1832 3409.600000
1833 3444.800000
1834 3436.600000
1835 3429.200000
1836 3433.000000
1837 3449.600000
1838 3460.400000
1839 3444.400000
1840 3482.000000
1841 3465.800000
1842 3463.800000
1843 3473.600000
1844 3473.800000
1845 3491.000000
1846 3457.600000
1847 3485.200000
1848 3484.600000
1849 3495.800000
1850 3501.400000
1851 3510.400000
1852 3499.800000
1853 3509.200000
1854 3510.800000
1855 3518.000000
1856 3511.000000
1857 3522.000000
1858 3512.000000
1859 3517.800000
1860 3534.200000
1861 3548.800000
1862 3553.000000
1863 3546.400000
1864 3555.800000
1865 3558.400000
1866 3547.400000
1867 3563.000000
1868 3560.200000
1869 3551.200000
1870 3579.000000
1871 3569.400000
1872 3604.400000
1873 3586.000000
1874 3580.000000
1875 3604.000000
1876 3581.600000
1877 3600.600000
1878 3605.600000
1879 3604.800000
1880 3603.000000
1881 3610.400000
1882 3607.600000
1883 3625.200000
1884 3613.800000
1885 3630.600000
1886 3643.400000
1887 3631.000000
1888 3639.400000
1889 3631.400000
1890 3653.600000
1891 3652.400000
1892 3646.600000
1893 3657.600000
1894 3666.400000
1895 3675.200000
1896 3646.800000
1897 3669.800000
1898 3665.400000
1899 3694.800000
1900 3683.000000
1901 3688.200000
1902 3657.000000
1903 3683.000000
1904 3699.400000
1905 3678.200000
1906 3719.600000
1907 3726.800000
1908 3688.600000
1909 3701.400000
1910 3708.800000
1911 3708.600000
1912 3718.000000
1913 3724.800000
1914 3743.000000
1915 3727.800000
1916 3746.800000
1917 3807.800000
1918 3755.000000
1919 3830.000000
1920 3761.200000
1921 3759.400000
1922 3752.200000
1923 3779.400000
1924 3777.600000
1925 3773.000000
1926 3796.000000
1927 3794.800000
1928 3788.200000
1929 3798.000000
1930 3814.600000
1931 3811.200000
1932 3811.000000
1933 3813.000000
1934 3818.600000
1935 3803.600000
1936 3825.600000
1937 3831.000000
1938 3815.600000
1939 3839.000000
1940 3833.600000
1941 3830.200000
1942 3840.800000
1943 3861.200000
1944 3866.000000
1945 3845.600000
1946 3874.200000
1947 3850.000000
1948 3874.600000
1949 3884.400000
1950 3886.400000
1951 3894.200000
1952 3927.600000
1953 3877.000000
1954 3883.600000
1955 3874.800000
1956 3892.400000
1957 3871.400000
1958 3897.400000
1959 3905.200000
1960 3915.400000
1961 3908.400000
1962 3935.200000
1963 3939.200000
1964 3906.600000
1965 3901.400000
1966 3930.200000
1967 3937.600000
1968 3933.000000
1969 3944.200000
1970 3953.000000
1971 3967.200000
1972 3952.800000
1973 3964.800000
1974 3964.800000
1975 3956.000000
1976 3983.000000
1977 3995.200000
1978 3995.600000
1979 3988.000000
1980 3982.200000
1981 3981.400000
1982 3988.000000
1983 3991.000000
1984 4004.800000
1985 4007.400000
1986 4032.800000
1987 4011.600000
1988 3990.400000
1989 4020.200000
1990 4046.400000
1991 4049.200000
1992 4045.600000
1993 4035.200000
1994 4052.400000
1995 4030.400000
1996 4053.400000
1997 4052.200000
1998 4045.200000
1999 4064.600000
2000 4050.000000
2001 4058.200000
2002 4092.600000
2003 4092.200000
2004 4098.200000
2005 4086.400000
2006 4091.200000
2007 4066.800000
2008 4119.600000
2009 4117.200000
2010 4116.600000
2011 4109.200000
2012 4102.600000
2013 4143.200000
2014 4135.400000
2015 4124.000000
2016 4143.800000
2017 4113.400000
2018 4143.000000
2019 4157.600000
2020 4155.600000
2021 4155.400000
2022 4177.000000
2023 4168.800000
2024 4186.400000
2025 4172.200000
2026 4156.000000
2027 4192.200000
2028 4178.400000
2029 4177.200000
2030 4188.400000
2031 4202.200000
2032 4231.400000
2033 4212.400000
2034 4210.400000
2035 4199.200000
2036 4202.200000
2037 4228.000000
2038 4227.000000
2039 4216.000000
2040 4242.600000
2041 4245.800000
2042 4241.800000
2043 4249.800000
2044 4254.800000
2045 4256.400000
2046 4263.800000
2047 4264.600000
2048 4268.600000
2049 4259.800000
2050 4275.800000
2051 4270.600000
2052 4280.400000
2053 4284.000000
2054 4307.600000
2055 4284.600000
2056 4315.400000
2057 4324.600000
2058 4285.600000
2059 4323.400000
2060 4316.400000
2061 4369.600000
2062 4346.800000
2063 4344.400000
2064 4334.000000
2065 4353.200000
2066 4349.400000
2067 4344.800000
2068 4361.800000
2069 4337.400000
2070 4369.400000
2071 4346.400000
2072 4378.400000
2073 4363.000000
2074 4357.200000
2075 4351.000000
2076 4396.200000
2077 4355.400000
2078 4406.800000
2079 4364.800000
2080 4409.200000
2081 4394.000000
2082 4372.600000
2083 4412.000000
2084 4406.200000
2085 4422.000000
2086 4401.000000
2087 4417.200000
2088 4425.800000
2089 4415.400000
2090 4434.800000
2091 4423.800000
2092 4428.200000
2093 4432.600000
2094 4432.600000
2095 4486.600000
2096 4486.800000
2097 4451.200000
2098 4468.400000
2099 4452.400000
2100 4449.400000
2101 4482.200000
2102 4468.400000
2103 4508.400000
2104 4493.000000
2105 4500.600000
2106 4481.000000
2107 4457.600000
2108 4486.600000
2109 4488.800000
2110 4509.400000
2111 4508.600000
2112 4522.000000
2113 4531.600000
2114 4503.800000
2115 4540.200000
2116 4542.800000
2117 4530.400000
2118 4511.000000
2119 4555.400000
2120 4541.400000
2121 4558.600000
2122 4543.400000
2123 4562.600000
2124 4569.400000
2125 4567.000000
2126 4583.400000
2127 4591.600000
2128 4595.400000
2129 4622.400000
2130 4591.600000
2131 4636.000000
2132 4615.000000
2133 4603.600000
2134 4639.800000
2135 4637.800000
2136 4668.200000
2137 4657.800000
2138 4637.600000
2139 4664.200000
2140 4661.400000
2141 4645.600000
2142 4681.200000
2143 4673.000000
2144 4648.600000
2145 4680.000000
2146 4671.000000
2147 4667.200000
2148 4678.800000
2149 4701.800000
2150 4699.400000
2151 4704.400000
2152 4686.000000
2153 4715.800000
2154 4733.200000
2155 4709.400000
2156 4733.400000
2157 4745.200000
2158 4723.800000
2159 4732.600000
2160 4747.400000
2161 4732.800000
2162 4743.200000
2163 4747.600000
2164 4752.000000
2165 4762.600000
2166 4765.000000
2167 4772.800000
2168 4797.000000
2169 4770.600000
2170 4799.600000
2171 4778.200000
2172 4776.600000
2173 4810.800000
2174 4787.200000
2175 4827.000000
2176 4819.000000
2177 4817.600000
2178 4800.000000
2179 4835.600000
2180 4821.800000
2181 4833.600000
2182 4857.600000
2183 4892.000000
2184 4837.400000
2185 4855.000000
2186 4837.000000
2187 4820.600000
2188 4843.400000
2189 4864.200000
2190 4866.800000
2191 4898.200000
2192 4877.800000
2193 4882.200000
2194 4838.800000
2195 4897.600000
2196 4850.600000
2197 4863.600000
2198 4871.800000
2199 4904.800000
2200 4920.400000
2201 4924.600000
2202 4891.000000
2203 4891.200000
2204 4907.200000
2205 4914.800000
2206 4920.200000
2207 4937.400000
2208 4905.800000
2209 4955.800000
2210 4964.400000
2211 4941.800000
2212 4921.800000
2213 4935.000000
2214 4976.200000
2215 4965.800000
2216 4941.200000
2217 4984.200000
2218 4988.200000
2219 4965.600000
2220 4983.600000
2221 5002.200000
2222 5004.200000
2223 5034.200000
2224 5000.400000
2225 5003.800000
2226 5034.200000
2227 5004.400000
2228 5037.600000
2229 5048.200000
2230 5028.600000
2231 5061.000000
2232 5049.400000
2233 5069.400000
2234 5055.200000
2235 5067.000000
2236 5078.400000
2237 5084.800000
2238 5087.400000
2239 5096.600000
2240 5100.000000
2241 5092.800000
2242 5112.000000
2243 5079.600000
2244 5108.200000
2245 5125.600000
2246 5126.600000
2247 5130.800000
2248 5141.200000
2249 5131.600000
2250 5132.600000
2251 5130.000000
2252 5145.200000
2253 5149.800000
2254 5128.800000
2255 5166.400000
2256 5182.600000
2257 5191.800000
2258 5184.800000
2259 5176.000000
2260 5195.600000
2261 5196.600000
2262 5164.200000
2263 5183.600000
2264 5169.000000
2265 5207.400000
2266 5202.000000
2267 5187.800000
2268 5200.200000
2269 5221.600000
2270 5229.000000
2271 5221.600000
2272 5243.200000
2273 5258.800000
2274 5255.000000
2275 5246.200000
2276 5243.200000
2277 5243.800000
2278 5254.400000
2279 5249.000000
2280 5258.400000
2281 5275.800000
2282 5275.000000
2283 5260.800000
2284 5276.200000
2285 5267.400000
2286 5304.400000
2287 5277.000000
2288 5315.800000
2289 5302.000000
2290 5320.200000
2291 5302.400000
2292 5298.400000
2293 5338.400000
2294 5356.600000
2295 5347.200000
2296 5325.800000
2297 5331.800000
2298 5346.200000
2299 5345.000000
2300 5362.000000
2301 5360.400000
2302 5348.200000
2303 5365.800000
2304 5380.800000
2305 5401.800000
2306 5408.000000
2307 5401.800000
2308 5396.000000
2309 5386.000000
2310 5410.200000
2311 5403.400000
2312 5410.000000
2313 5418.800000
2314 5407.000000
2315 5420.200000
2316 5446.200000
2317 5436.600000
2318 5422.000000
2319 5455.800000
2320 5446.600000
2321 5459.200000
2322 5443.400000
2323 5480.800000
2324 5475.000000
2325 5481.400000
2326 5505.000000
2327 5501.800000
2328 5495.400000
2329 5484.600000
2330 5476.600000
2331 5484.400000
2332 5502.400000
2333 5502.000000
2334 5542.400000
2335 5529.600000
2336 5512.800000
2337 5537.800000
2338 5512.800000
2339 5539.000000
2340 5548.200000
2341 5547.200000
2342 5541.800000
2343 5560.000000
2344 5564.200000
2345 5564.800000
2346 5573.200000
2347 5560.200000
2348 5567.600000
2349 5580.800000
2350 5574.600000
2351 5585.800000
2352 5611.800000
2353 5584.200000
2354 5613.200000
2355 5589.200000
2356 5621.000000
2357 5612.600000
2358 5635.200000
2359 5617.600000
2360 5620.400000
2361 5637.800000
2362 5631.400000
2363 5726.800000
2364 5648.400000
2365 5661.000000
2366 5666.200000
2367 5691.600000
2368 5705.200000
2369 5675.800000
2370 5693.800000
2371 5669.800000
2372 5707.800000
2373 5727.800000
2374 5705.800000
2375 5699.000000
2376 5720.200000
2377 5713.200000
2378 5712.200000
2379 5742.600000
2380 5742.200000
2381 5744.200000
2382 5772.000000
2383 5738.200000
2384 5753.800000
2385 5721.000000
2386 5775.400000
2387 5755.800000
2388 5783.000000
2389 5746.200000
2390 5732.600000
2391 5786.600000
2392 5790.200000
2393 5775.400000
2394 5790.800000
2395 5809.400000
2396 5813.200000
2397 5803.600000
2398 5813.400000
2399 5808.600000
2400 5840.600000
2401 5827.400000
2402 5832.600000
2403 5808.800000
2404 5852.000000
2405 5857.800000
2406 5861.200000
2407 5865.000000
2408 5883.600000
2409 5878.200000
2410 5892.600000
2411 5892.400000
2412 5884.000000
2413 5874.600000
2414 5898.200000
2415 5897.200000
2416 5876.000000
2417 5897.400000
2418 5934.600000
2419 5909.600000
2420 5928.600000
2421 5930.800000
2422 5901.800000
2423 5928.600000
2424 5948.000000
2425 5935.600000
2426 5992.000000
2427 5942.400000
2428 5968.000000
2429 5954.200000
2430 5979.000000
2431 5953.200000
2432 5990.400000
2433 5985.600000
2434 5996.800000
2435 5985.000000
2436 6009.800000
2437 5993.600000
2438 6033.600000
2439 5994.600000
2440 6036.800000
2441 6013.200000
2442 6048.800000
2443 6037.000000
2444 6015.600000
2445 6026.600000
2446 6025.000000
2447 6050.000000
2448 6047.200000
2449 6043.600000
2450 6060.200000
2451 6063.000000
2452 6078.200000
2453 6077.800000
2454 6062.200000
2455 6084.000000
2456 6108.600000
2457 6097.400000
2458 6106.400000
2459 6115.200000
2460 6123.000000
2461 6108.800000
2462 6143.600000
2463 6109.400000
2464 6143.600000
2465 6143.800000
2466 6110.400000
2467 6156.000000
2468 6168.200000
2469 6162.200000
2470 6161.000000
2471 6168.200000
2472 6177.800000
2473 6191.200000
2474 6233.600000
2475 6191.800000
2476 6199.000000
2477 6224.600000
2478 6187.400000
2479 6212.600000
2480 6224.200000
2481 6239.000000
2482 6219.400000
2483 6234.200000
2484 6210.600000
2485 6242.200000
2486 6248.400000
2487 6240.800000
2488 6257.200000
2489 6289.600000
2490 6267.600000
2491 6270.800000
2492 6244.600000
2493 6291.400000
2494 6276.600000
2495 6308.800000
2496 6287.600000
2497 6314.800000
2498 6286.200000
2499 6286.000000
2500 6307.000000
2501 6313.200000
2502 6325.400000
2503 6341.800000
2504 6351.800000
2505 6324.200000
2506 6378.600000
2507 6336.400000
2508 6340.000000
2509 6356.600000
2510 6339.600000
2511 6358.200000
2512 6394.600000
2513 6454.200000
2514 6420.000000
2515 6382.200000
2516 6407.400000
2517 6380.200000
2518 6402.800000
2519 6423.000000
2520 6397.200000
2521 6424.200000
2522 6408.000000
2523 6415.600000
2524 6427.600000
2525 6450.600000
2526 6440.000000
2527 6430.000000
2528 6430.400000
2529 6448.000000
2530 6447.400000
2531 6479.000000
2532 6457.000000
2533 6489.400000
2534 6491.200000
2535 6485.600000
2536 6559.200000
2537 6526.200000
2538 6509.000000
2539 6497.400000
2540 6513.400000
2541 6516.400000
2542 6499.800000
2543 6542.000000
2544 6533.200000
2545 6541.600000
2546 6545.200000
2547 6585.200000
2548 6572.400000
2549 6531.800000
2550 6567.000000
2551 6566.400000
2552 6586.000000
2553 6559.400000
2554 6573.600000
2555 6604.600000
2556 6606.000000
2557 6603.400000
2558 6612.200000
2559 6620.000000
2560 6614.600000
2561 6608.400000
2562 6623.200000
2563 6630.200000
2564 6646.600000
2565 6626.800000
2566 6644.600000
2567 6665.000000
2568 6650.600000
2569 6660.800000
2570 6686.000000
2571 6689.200000
2572 6688.200000
2573 6705.200000
2574 6658.600000
2575 6714.000000
2576 6697.400000
2577 6688.800000
2578 6701.200000
2579 6718.200000
2580 6673.200000
2581 6713.400000
2582 6724.400000
2583 6755.400000
2584 6762.800000
2585 6695.800000
2586 6738.000000
2587 6711.600000
2588 6771.200000
2589 6764.600000
2590 6761.200000
2591 6788.800000
2592 6779.600000
2593 6802.400000
2594 6765.600000
2595 6782.000000
2596 6783.000000
2597 6780.400000
2598 6783.000000
2599 6814.400000
2600 6803.600000
2601 6827.200000
2602 6816.800000
2603 6833.200000
2604 6846.800000
2605 6813.600000
2606 6855.000000
2607 6833.800000
2608 6873.600000
2609 6891.400000
2610 6869.400000
2611 6874.600000
2612 6867.200000
2613 6902.600000
2614 6895.600000
2615 6872.200000
2616 6920.000000
2617 6905.200000
2618 6930.800000
2619 6930.600000
2620 6882.800000
2621 6929.000000
2622 6946.000000
2623 6933.400000
2624 6939.000000
2625 6955.800000
2626 6965.800000
2627 6929.200000
2628 6978.200000
2629 6965.200000
2630 6946.600000
2631 6996.000000
2632 6991.400000
2633 6967.400000
2634 6984.800000
2635 7000.400000
2636 7035.600000
2637 7012.400000
2638 7017.200000
2639 7006.200000
2640 7024.200000
2641 7025.800000
2642 7037.600000
2643 7024.400000
2644 7052.600000
2645 7107.200000
2646 7061.000000
2647 7054.800000
2648 7093.600000
2649 7092.200000
2650 7078.000000
2651 7100.000000
2652 7052.000000
2653 7116.800000
2654 7082.400000
2655 7073.400000
2656 7133.600000
2657 7114.200000
2658 7120.000000
2659 7165.600000
2660 7136.000000
2661 7132.600000
2662 7133.800000
2663 7156.600000
2664 7149.000000
2665 7412.600000
2666 9781.800000
2667 9553.800000
2668 7186.200000
2669 7200.800000
2670 7185.600000
2671 7209.200000
2672 7181.200000
2673 7220.200000
2674 7190.800000
2675 7237.000000
2676 7192.600000
2677 7254.200000
2678 7297.200000
2679 7206.200000
2680 7241.600000
2681 7247.400000
2682 7221.800000
2683 7235.800000
2684 7288.200000
2685 7264.600000
2686 7250.200000
2687 7258.800000
2688 7280.800000
2689 7303.800000
2690 7254.800000
2691 7293.800000
2692 7301.400000
2693 7308.400000
2694 7304.800000
2695 7323.800000
2696 7307.000000
2697 7349.200000
2698 7367.600000
2699 7345.200000
2700 7348.400000
2701 7354.800000
2702 7334.800000
2703 7365.000000
2704 7366.000000
2705 7344.200000
2706 7383.000000
2707 7380.000000
2708 7383.200000
2709 7390.000000
2710 7401.600000
2711 7410.400000
2712 7425.000000
2713 7393.200000
2714 7448.600000
2715 7430.600000
2716 7420.400000
2717 7424.400000
2718 7460.000000
2719 7461.600000
2720 7455.400000
2721 7457.400000
2722 7445.200000
2723 7470.000000
2724 7445.000000
2725 7474.400000
2726 7449.800000
2727 7447.000000
2728 7515.400000
2729 7460.200000
2730 7506.400000
2731 7483.400000
2732 7474.800000
2733 7516.600000
2734 7507.600000
2735 7538.000000
2736 7544.600000
2737 7543.200000
2738 7550.200000
2739 7546.400000
2740 7591.400000
2741 7546.600000
2742 7586.000000
2743 7570.800000
2744 7574.000000
2745 7585.000000
2746 7586.400000
2747 7618.400000
2748 7601.800000
2749 7590.400000
2750 7625.200000
2751 7618.400000
2752 7633.800000
2753 7626.400000
2754 7650.400000
2755 7639.000000
2756 7620.400000
2757 7649.200000
2758 7659.400000
2759 7689.200000
2760 7666.600000
2761 7689.600000
2762 7659.400000
2763 7719.400000
2764 7687.200000
2765 7700.400000
2766 7678.200000
2767 7705.000000
2768 7733.200000
2769 7737.800000
2770 7740.000000
2771 7700.400000
2772 7730.400000
2773 7713.600000
2774 7705.200000
2775 7767.800000
2776 7778.200000
2777 7759.600000
2778 7758.400000
2779 7798.200000
2780 7774.400000
2781 7778.800000
2782 7738.400000
2783 7817.200000
2784 7820.000000
2785 7802.800000
2786 7832.600000
2787 7788.200000
2788 7813.200000
2789 7865.200000
2790 7855.600000
2791 7823.200000
2792 7843.400000
2793 7863.800000
2794 7850.800000
2795 7846.800000
2796 7876.600000
2797 7896.400000
2798 7872.800000
2799 7931.400000
2800 7889.800000
2801 7919.200000
2802 7936.600000
2803 7903.200000
2804 7872.000000
2805 7897.000000
2806 7913.800000
2807 7949.200000
2808 7943.000000
2809 7946.400000
2810 7958.200000
2811 7991.800000
2812 7954.200000
2813 7973.400000
2814 7952.200000
2815 7964.400000
2816 8016.400000
2817 7993.400000
2818 7990.200000
2819 7979.200000
2820 7983.400000
2821 7986.400000
2822 8002.400000
2823 8043.800000
2824 8006.800000
2825 8004.400000
2826 8045.200000
2827 8037.000000
2828 8074.400000
2829 8039.600000
2830 8040.000000
2831 8065.600000
2832 8056.000000
2833 8061.400000
2834 8159.800000
2835 8116.600000
2836 8093.000000
2837 8087.400000
2838 8102.000000
2839 8077.200000
2840 8144.200000
2841 8148.600000
2842 8125.800000
2843 8157.400000
2844 8148.800000
2845 8146.200000
2846 8136.800000
2847 8169.000000
2848 8158.200000
2849 8182.200000
2850 8177.200000
2851 8155.800000
2852 8153.000000
2853 8179.400000
2854 8220.400000
2855 8224.200000
2856 8208.600000
2857 8214.000000
2858 8186.600000
2859 8223.400000
2860 8233.200000
2861 8221.000000
2862 8238.000000
2863 8242.600000
2864 8250.000000
2865 8254.400000
2866 8271.600000
2867 8280.000000
2868 8251.600000
2869 8293.600000
2870 8261.200000
2871 8296.000000
2872 8270.000000
2873 8295.800000
2874 8333.800000
2875 8311.600000
2876 8335.400000
2877 8296.600000
2878 8341.400000
2879 8334.400000
2880 8362.800000
2881 8320.400000
2882 8371.800000
2883 8356.200000
2884 8383.800000
2885 8329.200000
2886 8365.200000
2887 8356.600000
2888 8409.600000
2889 8384.600000
2890 8419.200000
2891 8383.000000
2892 8450.600000
2893 8424.200000
2894 8405.200000
2895 8438.600000
2896 8427.800000
2897 8464.200000
2898 8450.000000
2899 8455.000000
2900 8444.600000
2901 8495.800000
2902 8431.400000
2903 8479.000000
2904 8465.000000
2905 8514.400000
2906 8514.000000
2907 8519.600000
2908 8490.200000
2909 8524.400000
2910 8519.800000
2911 8528.200000
2912 8521.200000
2913 8538.200000
2914 8531.800000
2915 8546.200000
2916 8570.400000
2917 8560.600000
2918 8549.600000
2919 8552.000000
2920 8592.600000
2921 8561.800000
2922 8565.000000
2923 8550.400000
2924 8570.000000
2925 8576.000000
2926 8592.400000
2927 8598.400000
2928 8622.800000
2929 8641.000000
2930 8624.600000
2931 8643.200000
2932 8651.600000
2933 8648.200000
2934 8679.800000
2935 8615.200000
2936 8696.600000
2937 8672.800000
2938 8658.400000
2939 8712.800000
2940 8662.000000
2941 8671.400000
2942 8682.800000
2943 8692.400000
2944 8701.600000
2945 8743.000000
2946 8671.600000
2947 8728.600000
2948 8722.200000
2949 8720.000000
2950 8746.800000
2951 8740.800000
2952 8762.200000
2953 8796.200000
2954 8776.200000
2955 8770.400000
2956 8769.200000
2957 8726.000000
2958 8768.000000
2959 8745.600000
2960 8804.400000
2961 8823.000000
2962 8780.400000
2963 8808.600000
2964 8814.400000
2965 8871.800000
2966 8835.600000
2967 8867.200000
2968 8872.400000
2969 8841.400000
2970 8851.800000
2971 8872.000000
2972 8901.800000
2973 8878.400000
2974 8902.200000
2975 8865.000000
2976 8905.000000
2977 8914.000000
2978 8915.600000
2979 8920.200000
2980 8914.400000
2981 8938.400000
2982 8963.200000
2983 8939.000000
2984 8996.800000
2985 8934.400000
2986 8951.400000
2987 8963.600000
2988 8962.200000
2989 8983.400000
2990 9014.000000
2991 8997.400000
2992 9038.000000
2993 8982.800000
2994 9033.600000
2995 9029.000000
2996 9002.400000
2997 9071.800000
2998 9001.600000
2999 9035.000000
3000 9064.600000
3001 9020.600000
3002 9067.800000
3003 9044.400000
3004 9042.600000
3005 9033.000000
3006 9084.200000
3007 9100.600000
3008 9095.000000
3009 9086.200000
3010 9095.600000
3011 9124.400000
3012 9129.400000
3013 9123.800000
3014 9166.800000
3015 9166.600000
3016 9151.000000
3017 9167.800000
3018 9195.200000
3019 9199.200000
3020 9187.600000
3021 9199.400000
3022 9174.000000
3023 9202.800000
3024 9196.600000
3025 9215.600000
3026 9221.200000
3027 9224.200000
3028 9231.600000
3029 9250.000000
3030 9218.800000
3031 9210.000000
3032 9233.200000
3033 9240.600000
3034 9231.400000
3035 9230.200000
3036 9238.000000
3037 9268.000000
3038 9280.800000
3039 9269.600000
3040 9281.400000
3041 9400.000000
3042 9375.200000
3043 9320.400000
3044 9328.400000
3045 9275.800000
3046 9325.200000
3047 9348.000000
3048 9356.400000
3049 9299.800000
3050 9361.000000
3051 9366.400000
3052 9365.600000
3053 9351.400000
3054 9363.400000
3055 9386.600000
3056 9370.400000
3057 9413.600000
3058 9395.800000
3059 9398.000000
3060 9356.200000
3061 9350.600000
3062 9455.600000
3063 9442.600000
3064 9445.800000
3065 9436.400000
3066 9427.800000
3067 9454.200000
3068 9478.400000
3069 9480.400000
3070 9465.800000
3071 9463.400000
3072 9488.800000
3073 9490.600000
3074 9471.600000
3075 9497.800000
3076 9519.600000
3077 9524.600000
3078 9507.000000
3079 9549.800000
3080 9518.800000
3081 9542.000000
3082 9552.600000
3083 9557.200000
3084 9500.600000
3085 9541.200000
3086 9608.000000
3087 9551.800000
3088 9581.800000
3089 9554.800000
3090 9593.600000
3091 9579.800000
3092 9615.600000
3093 9594.600000
3094 9615.600000
3095 9612.000000
3096 9639.000000
3097 9613.000000
3098 9631.000000
3099 9639.400000
3100 9646.600000
3101 9700.000000
3102 9767.600000
3103 9717.200000
3104 9650.000000
3105 9662.800000
3106 9704.600000
3107 9696.600000
3108 9692.400000
3109 9705.200000
3110 9712.000000
3111 9715.000000
3112 9735.600000
3113 9753.400000
3114 9737.200000
3115 9744.800000
3116 9739.000000
3117 9750.400000
3118 9776.200000
3119 9781.400000
3120 9753.400000
3121 9752.800000
3122 9796.200000
3123 9827.200000
3124 9784.000000
3125 9795.600000
3126 9803.600000
3127 9834.400000
3128 9794.200000
3129 9850.600000
3130 9797.000000
3131 9820.400000
3132 9837.000000
3133 9842.000000
3134 9902.800000
3135 9867.000000
3136 9917.600000
3137 9904.200000
3138 9873.600000
3139 9897.000000
3140 9919.200000
3141 9915.800000
3142 9933.600000
3143 9907.200000
3144 9977.800000
3145 9970.600000
3146 9905.400000
3147 9932.400000
3148 9953.200000
3149 9964.600000
3150 9936.400000
3151 9987.800000
3152 9941.400000
3153 9970.000000
3154 10012.200000
3155 10003.600000
3156 10005.800000
3157 10012.200000
3158 10005.800000
3159 10019.800000
3160 10002.000000
3161 10067.000000
3162 10007.800000
3163 10044.200000
3164 10069.200000
3165 10073.600000
3166 10057.000000
3167 10091.600000
3168 10103.600000
3169 10024.800000
3170 10077.200000
3171 10106.800000
3172 10123.000000
3173 10112.000000
3174 10111.400000
3175 10153.200000
3176 10136.200000
3177 10123.600000
3178 10136.600000
3179 10115.000000
3180 10147.600000
3181 10181.200000
3182 10116.200000
3183 10196.400000
3184 10203.000000
3185 10213.000000
3186 10189.000000
3187 10216.400000
3188 10213.000000
3189 10225.000000
3190 10207.600000
3191 10226.000000
3192 10225.200000
3193 10240.200000
3194 10227.600000
3195 10207.600000
3196 10229.800000
3197 10259.800000
3198 10259.600000
3199 10288.600000
3200 10266.400000
3201 10309.000000
3202 10284.200000
3203 10314.200000
3204 10323.000000
3205 10300.000000
3206 10283.600000
3207 10310.200000
3208 10333.000000
3209 10346.000000
3210 10292.800000
3211 10331.200000
3212 10365.000000
3213 10332.400000
3214 10328.600000
3215 10381.400000
3216 10373.800000
3217 10419.200000
3218 10391.800000
3219 10388.800000
3220 10390.200000
3221 10422.000000
3222 10373.800000
3223 10461.200000
3224 10453.200000
3225 10458.200000
3226 10429.600000
3227 10461.600000
3228 10434.000000
3229 10442.200000
3230 10463.200000
3231 10472.000000
3232 10449.200000
3233 10476.200000
3234 10501.200000
3235 10498.400000
3236 10505.800000
3237 10539.400000
3238 10533.600000
3239 10496.400000
3240 10572.600000
3241 10536.000000
3242 10566.600000
3243 10624.200000
3244 10586.000000
3245 10536.200000
3246 10568.400000
3247 10578.800000
3248 10601.800000
3249 10589.400000
3250 10595.000000
3251 10626.400000
3252 10636.000000
3253 10616.200000
3254 10609.600000
3255 10613.000000
3256 10645.000000
3257 10647.600000
3258 10653.600000
3259 10628.200000
3260 10644.200000
3261 10672.200000
3262 10644.600000
3263 10670.400000
3264 10656.200000
3265 10715.400000
3266 10714.600000
3267 10676.200000
3268 10738.000000
3269 10689.400000
3270 10721.600000
3271 10743.600000
3272 10756.400000
3273 10727.800000
3274 10777.600000
3275 10740.800000
3276 10762.000000
3277 10798.400000
3278 10739.200000
3279 10806.800000
3280 10800.000000
3281 10821.000000
3282 10793.800000
3283 10799.800000
3284 10808.600000
3285 10797.800000
3286 10845.000000
3287 10856.800000
3288 10838.200000
3289 10856.000000
3290 10846.400000
3291 10859.200000
3292 10893.600000
3293 10879.800000
3294 10850.800000
3295 10860.000000
3296 10911.600000
3297 10878.200000
3298 10900.800000
3299 10907.600000
3300 10907.400000
3301 10946.400000
3302 10897.600000
3303 10920.800000
3304 10947.800000
3305 10968.800000
3306 10972.200000
3307 10987.400000
3308 10951.600000
3309 10965.200000
3310 11011.800000
3311 11014.400000
3312 11020.800000
3313 11027.600000
3314 11034.200000
3315 11060.000000
3316 11044.200000
3317 11024.600000
3318 11014.200000
3319 11064.200000
3320 11022.800000
3321 11025.800000
3322 11089.800000
3323 11046.200000
3324 11041.400000
3325 11095.200000
3326 11036.800000
3327 11074.600000
3328 11145.400000
3329 11108.200000
3330 11073.200000
3331 11125.200000
3332 11151.000000
3333 11184.600000
3334 11173.000000
3335 11161.400000
3336 11130.000000
3337 11205.000000
3338 11153.200000
3339 11176.400000
3340 11222.800000
3341 11183.400000
3342 11185.400000
3343 11190.000000
3344 11213.000000
3345 11166.200000
3346 11222.800000
3347 11207.000000
3348 11236.000000
3349 11261.600000
3350 11264.400000
3351 11273.400000
3352 11244.600000
3353 11252.600000
3354 11272.400000
3355 11248.800000
3356 11276.200000
3357 11287.600000
3358 11281.200000
3359 11343.000000
3360 11329.400000
3361 11335.600000
3362 11357.800000
3363 11324.600000
3364 11346.600000
3365 11330.400000
3366 11346.000000
3367 11401.800000
3368 11350.800000
3369 11405.800000
3370 11395.600000
3371 11390.600000
3372 11409.000000
3373 11380.000000
3374 11421.600000
3375 11407.800000
3376 11447.200000
3377 11437.000000
3378 11409.000000
3379 11457.600000
3380 11480.200000
3381 11414.000000
3382 11473.000000
3383 11460.000000
3384 11470.200000
3385 11478.400000
3386 11539.400000
3387 11520.200000
3388 11533.800000
3389 11485.600000
3390 11543.600000
3391 11485.400000
3392 11492.200000
3393 11522.200000
3394 11555.400000
3395 11518.600000
3396 11528.800000
3397 11556.400000
3398 11600.600000
3399 11587.200000
3400 11579.600000
3401 11594.200000
3402 11594.800000
3403 11610.600000
3404 11589.400000
3405 11585.400000
3406 11564.600000
3407 11627.200000
3408 11645.400000
3409 11623.600000
3410 11634.200000
3411 11628.000000
3412 11644.600000
3413 11669.000000
3414 11713.600000
3415 11698.600000
3416 11733.000000
3417 11739.200000
3418 11733.200000
3419 11693.000000
3420 11743.000000
3421 11742.000000
3422 11809.000000
3423 11750.400000
3424 11751.000000
3425 11729.800000
3426 11728.800000
3427 11754.400000
3428 11822.000000
3429 11773.200000
3430 11781.400000
3431 11753.800000
3432 11800.200000
3433 11837.000000
3434 11853.800000
3435 11814.600000
3436 11834.400000
3437 11793.800000
3438 11861.600000
3439 11852.400000
3440 11884.000000
3441 11846.800000
3442 11843.800000
3443 11839.800000
3444 11901.400000
3445 11908.400000
3446 11879.400000
3447 11890.400000
3448 11909.000000
3449 11925.600000
3450 11947.600000
3451 11907.600000
3452 11938.400000
3453 11958.800000
3454 11903.800000
3455 11987.400000
3456 12011.400000
3457 11990.400000
3458 11953.200000
3459 12001.800000
3460 12008.800000
3461 11962.400000
3462 12053.200000
3463 12020.200000
3464 12026.200000
3465 12052.000000
3466 11990.400000
3467 12060.400000
3468 12047.000000
3469 12044.200000
3470 12040.600000
3471 12027.200000
3472 12084.600000
3473 12086.000000
3474 12093.800000
3475 12102.400000
3476 12103.200000
3477 12080.800000
3478 12111.000000
3479 12115.800000
3480 12125.400000
3481 12150.200000
3482 12101.400000
3483 12159.800000
3484 12147.200000
3485 12181.000000
3486 12167.600000
3487 12213.600000
3488 12177.600000
3489 12157.400000
3490 12184.200000
3491 12183.400000
3492 12200.600000
3493 12204.400000
3494 12221.400000
3495 12195.000000
3496 12228.800000
3497 12249.800000
3498 12260.600000
3499 12220.000000
3500 12269.800000
3501 12274.000000
3502 12265.600000
3503 12289.600000
3504 12280.600000
3505 12350.400000
3506 12269.800000
3507 12323.400000
3508 12377.200000
3509 12342.000000
3510 12355.600000
3511 12365.400000
3512 12429.200000
3513 12333.000000
3514 12392.000000
3515 12369.000000
3516 12384.000000
3517 12450.800000
3518 12433.600000
3519 12437.200000
3520 12425.400000
3521 12438.400000
3522 12399.200000
3523 12464.600000
3524 12415.400000
3525 12473.000000
3526 12470.800000
3527 12437.800000
3528 12468.200000
3529 12484.600000
3530 12504.200000
3531 12516.800000
3532 12472.000000
3533 12449.200000
3534 12500.600000
3535 12486.800000
3536 12558.600000
3537 12529.800000
3538 12501.800000
3539 12532.600000
3540 12572.200000
3541 12561.000000
3542 12565.200000
3543 12557.400000
3544 12519.000000
3545 12581.800000
3546 12573.200000
3547 12633.000000
3548 12621.000000
3549 12580.600000
3550 12602.200000
3551 12646.800000
3552 12692.600000
3553 12686.000000
3554 12677.600000
3555 12653.400000
3556 12684.200000
3557 12695.000000
3558 12678.400000
3559 12683.400000
3560 12668.800000
3561 12701.000000
3562 12714.000000
3563 12716.000000
3564 12788.800000
3565 12729.000000
3566 12784.400000
3567 12716.600000
3568 12726.000000
3569 12873.400000
3570 12755.800000
3571 12767.600000
3572 12759.200000
3573 12768.600000
3574 12783.400000
3575 12785.600000
3576 12789.200000
3577 12800.600000
3578 12786.800000
3579 12812.000000
3580 12863.200000
3581 12853.600000
3582 12804.400000
3583 12834.000000
3584 12914.800000
3585 12833.800000
3586 12832.800000
3587 12846.400000
3588 12862.000000
3589 12907.000000
3590 12870.200000
3591 12874.800000
3592 12929.200000
3593 12907.800000
3594 12943.600000
3595 12910.600000
3596 12915.400000
3597 12965.200000
3598 12967.400000
3599 12966.200000
3600 13004.800000
3601 12953.600000
3602 12972.400000
3603 13011.200000
3604 13043.600000
3605 13021.800000
3606 12990.400000
3607 13033.400000
3608 13072.400000
3609 13063.000000
3610 13029.600000
3611 13079.000000
3612 13065.800000
3613 13110.800000
3614 13087.000000
3615 13051.200000
3616 13077.600000
3617 13122.400000
3618 13086.200000
3619 13099.400000
3620 13094.200000
3621 13125.200000
3622 13109.400000
3623 13108.600000
3624 13166.000000
3625 13143.400000
3626 13166.600000
3627 13182.200000
3628 13163.800000
3629 13159.800000
3630 13181.400000
3631 13210.000000
3632 13208.400000
3633 13200.600000
3634 13193.600000
3635 13168.400000
3636 13209.200000
3637 13286.400000
3638 13250.800000
3639 13306.400000
3640 13303.000000
3641 13256.800000
3642 13252.000000
3643 13298.400000
3644 13302.800000
3645 13274.000000
3646 13283.800000
3647 13274.000000
3648 13314.000000
3649 13346.800000
3650 13332.200000
3651 13369.000000
3652 13351.000000
3653 13350.200000
3654 13345.600000
3655 13391.800000
3656 13384.200000
3657 13354.600000
3658 13399.000000
3659 13404.600000
3660 13371.200000
3661 13373.200000
3662 13425.000000
3663 13477.400000
3664 13448.200000
3665 13434.600000
3666 13446.600000
3667 13448.000000
3668 13474.400000
3669 13452.600000
3670 13473.200000
3671 13493.600000
3672 13490.200000
3673 13509.400000
3674 13549.800000
3675 13536.600000
3676 13494.000000
3677 13535.600000
3678 13512.200000
3679 13543.400000
3680 13538.200000
3681 13572.200000
3682 13520.000000
3683 13549.600000
3684 13566.400000
3685 13570.600000
3686 13605.400000
3687 13592.400000
3688 13608.800000
3689 13622.800000
3690 13637.800000
3691 13653.600000
3692 13628.000000
3693 13637.800000
3694 13645.000000
3695 13645.200000
3696 13693.600000
3697 13652.800000
3698 13686.800000
3699 13627.800000
3700 13684.600000
3701 13714.800000
3702 13697.600000
3703 13715.200000
3704 13739.400000
3705 13746.200000
3706 13758.600000
3707 13750.000000
3708 13714.400000
3709 13791.200000
3710 13737.600000
3711 13785.400000
3712 13779.000000
3713 13809.200000
3714 13795.800000
3715 13802.200000
3716 13813.800000
3717 13926.000000
3718 13804.000000
3719 13848.600000
3720 13867.200000
3721 13828.000000
3722 13858.800000
3723 13871.400000
3724 13896.400000
3725 13840.600000
3726 13915.600000
3727 13893.200000
3728 13930.400000
3729 13887.200000
3730 13916.600000
3731 13890.000000
3732 13959.400000
3733 13939.000000
3734 13867.400000
3735 13931.400000
3736 13945.400000
3737 13973.400000
3738 13953.200000
3739 13937.400000
3740 13957.800000
3741 13954.800000
3742 14021.600000
3743 14057.000000
3744 14017.600000
3745 13962.400000
3746 14023.200000
3747 14034.600000
3748 14017.800000
3749 14057.400000
3750 14076.200000
3751 14088.200000
3752 14136.800000
3753 14113.000000
3754 14071.000000
3755 14107.000000
3756 14140.000000
3757 14081.000000
3758 14107.200000
3759 14155.400000
3760 14173.000000
3761 14166.800000
3762 14162.400000
3763 14170.400000
3764 14144.400000
3765 14203.200000
3766 14178.200000
3767 14187.800000
3768 14157.200000
3769 14225.400000
3770 14141.000000
3771 14281.800000
3772 14223.400000
3773 14232.600000
3774 14241.800000
3775 14254.400000
3776 14260.600000
3777 14267.800000
3778 14304.200000
3779 14268.400000
3780 14293.200000
3781 14248.200000
3782 14251.600000
3783 14302.000000
3784 14288.000000
3785 14409.200000
3786 14335.200000
3787 14383.600000
3788 14417.800000
3789 14377.400000
3790 14343.000000
3791 14377.000000
3792 14407.800000
3793 14409.200000
3794 14360.000000
3795 14368.800000
3796 14436.600000
3797 14403.800000
3798 14410.000000
3799 14430.000000
3800 14428.400000
3801 14444.600000
3802 14452.200000
3803 14451.800000
3804 14438.800000
3805 14430.800000
3806 14444.000000
3807 14480.000000
3808 14500.800000
3809 14488.200000
3810 14511.800000
3811 14561.600000
3812 14548.800000
3813 14558.400000
3814 14511.200000
3815 14600.800000
3816 14595.200000
3817 14571.800000
3818 14582.800000
3819 14579.600000
3820 14571.400000
3821 14620.200000
3822 14641.600000
3823 14629.800000
3824 14622.000000
3825 14658.000000
3826 14656.200000
3827 14625.800000
3828 14603.600000
3829 14657.600000
3830 14709.400000
3831 14685.600000
3832 14636.600000
3833 14688.600000
3834 14715.400000
3835 14692.200000
3836 14691.400000
3837 14735.400000
3838 14839.200000
3839 14745.400000
3840 14783.400000
3841 14751.400000
3842 14783.200000
3843 14780.200000
3844 14735.600000
3845 14810.200000
3846 14813.600000
3847 14823.200000
3848 14792.800000
3849 14793.400000
3850 14832.800000
3851 14802.800000
3852 14826.200000
3853 14878.200000
3854 14887.200000
3855 14816.800000
3856 14839.200000
3857 14827.800000
3858 14865.000000
3859 14870.600000
3860 14865.000000
3861 14893.400000
3862 14922.200000
3863 14916.600000
3864 14900.200000
3865 14946.000000
3866 14930.000000
3867 14970.600000
3868 14988.600000
3869 14989.200000
3870 15042.600000
3871 14952.000000
3872 14992.600000
3873 14996.800000
3874 14970.600000
3875 15021.800000
3876 14988.800000
3877 15022.600000
3878 15051.800000
3879 14997.600000
3880 15027.000000
3881 15068.000000
3882 15105.000000
3883 15070.800000
3884 15073.200000
3885 15092.000000
3886 15105.400000
3887 15113.600000
3888 15141.800000
3889 15141.600000
3890 15149.600000
3891 15149.000000
3892 15189.000000
3893 15150.600000
3894 15198.200000
3895 15135.600000
3896 15214.200000
3897 15114.400000
3898 15179.600000
3899 15188.200000
3900 15201.800000
3901 15231.800000
3902 15275.400000
3903 15224.200000
3904 15261.800000
3905 15270.800000
3906 15287.000000
3907 15292.600000
3908 15265.800000
3909 15267.200000
3910 15275.600000
3911 15300.200000
3912 15323.400000
3913 15342.000000
3914 15282.400000
3915 15290.800000
3916 15370.000000
3917 15375.200000
3918 15349.600000
3919 15318.600000
3920 15373.600000
3921 15314.800000
3922 15364.800000
3923 15367.200000
3924 15361.200000
3925 15370.400000
3926 15398.600000
3927 15423.600000
3928 15438.200000
3929 15397.600000
3930 15422.200000
3931 15456.200000
3932 15511.400000
3933 15452.800000
3934 15479.000000
3935 15480.800000
3936 15460.400000
3937 15436.400000
3938 15517.200000
3939 15521.400000
3940 15502.000000
3941 15521.000000
3942 15479.400000
3943 15534.200000
3944 15480.400000
3945 15536.200000
3946 15565.000000
3947 15563.400000
3948 15619.000000
3949 15597.200000
3950 15588.000000
3951 15581.400000
3952 15571.000000
3953 15568.400000
3954 15627.200000
3955 15600.800000
3956 15589.400000
3957 15685.000000
3958 15687.400000
3959 15689.000000
3960 15680.400000
3961 15658.200000
3962 15708.000000
3963 15679.000000
3964 15636.200000
3965 15631.600000
3966 15677.800000
3967 15710.400000
3968 15754.800000
3969 15768.400000
3970 15737.000000
3971 15701.800000
3972 15739.600000
3973 15738.600000
3974 15817.200000
3975 15808.600000
3976 15805.200000
3977 15749.600000
3978 15791.200000
3979 15785.400000
3980 15801.200000
3981 15818.600000
3982 15817.800000
3983 15907.000000
3984 15902.400000
3985 15873.400000
3986 15864.800000
3987 15867.200000
3988 15847.600000
3989 15873.400000
3990 15929.400000
3991 15910.000000
3992 15923.000000
3993 15962.000000
3994 15910.200000
3995 15882.000000
3996 15936.800000
3997 15940.400000
3998 15953.200000
3999 15975.400000
4000 15952.200000
4001 16006.600000
4002 16010.600000
4003 15971.400000
4004 15985.200000
4005 16027.200000
4006 15973.800000
4007 16037.400000
4008 16083.000000
4009 16024.000000
4010 16047.000000
4011 16065.400000
4012 16041.800000
4013 16052.800000
4014 16095.000000
4015 16090.200000
4016 16094.000000
4017 16083.000000
4018 16089.000000
4019 16120.400000
4020 16094.200000
4021 16120.800000
4022 16210.600000
4023 16110.000000
4024 16175.000000
4025 16228.400000
4026 16135.400000
4027 16185.800000
4028 16199.800000
4029 16205.000000
4030 16202.200000
4031 16224.800000
4032 16211.000000
4033 16276.400000
4034 16222.400000
4035 16241.400000
4036 16248.000000
4037 16293.000000
4038 16249.400000
4039 16303.000000
4040 16300.000000
4041 16271.000000
4042 16342.400000
4043 16311.400000
4044 16361.400000
4045 16335.600000
4046 16345.000000
4047 16333.200000
4048 16371.400000
4049 16388.200000
4050 16425.400000
4051 16385.600000
4052 16511.600000
4053 16365.800000
4054 16404.800000
4055 16402.400000
4056 16448.400000
4057 16450.000000
4058 16441.000000
4059 16466.200000
4060 16484.600000
4061 16415.200000
4062 16461.400000
4063 16502.600000
4064 16488.800000
4065 16436.000000
4066 16527.800000
4067 16488.000000
4068 16564.600000
4069 16547.000000
4070 16533.800000
4071 16529.600000
4072 16508.800000
4073 16585.800000
4074 16531.400000
4075 16557.200000
4076 16587.600000
4077 16575.200000
4078 16625.200000
4079 16606.200000
4080 16605.800000
4081 16583.600000
4082 16629.400000
4083 16690.600000
4084 16628.600000
4085 16673.200000
4086 16639.000000
4087 16657.600000
4088 16637.400000
4089 16678.800000
4090 16683.600000
4091 16693.800000
4092 16680.400000
4093 16726.800000
4094 16700.600000
4095 16756.000000
4096 16736.600000
4097 16785.400000
4098 16809.200000
4099 16763.600000
4100 16793.400000
4101 16767.800000
4102 16785.600000
4103 16820.000000
4104 16883.800000
4105 16829.000000
4106 16868.600000
4107 16888.000000
4108 16861.600000
4109 16915.400000
4110 16842.800000
4111 16889.600000
4112 16875.800000
4113 16856.200000
4114 16913.200000
4115 16874.800000
4116 16935.000000
4117 16943.400000
4118 16893.800000
4119 16925.200000
4120 16929.000000
4121 16991.200000
4122 16989.400000
4123 16960.200000
4124 17081.000000
4125 16945.400000
4126 16996.200000
4127 16996.000000
4128 17014.800000
4129 16986.200000
4130 17067.000000
4131 17083.600000
4132 17049.800000
4133 17065.200000
4134 17108.200000
4135 17031.400000
4136 17084.000000
4137 17080.400000
4138 17076.000000
4139 17130.400000
4140 17135.200000
4141 17165.200000
4142 17162.200000
4143 17120.800000
4144 17178.600000
4145 17116.400000
4146 17211.400000
4147 17178.000000
4148 17156.000000
4149 17221.600000
4150 17186.000000
4151 17248.400000
4152 17169.000000
4153 17202.000000
4154 17156.600000
4155 17256.800000
4156 17259.400000
4157 17262.400000
4158 17222.600000
4159 17262.400000
4160 17292.400000
4161 17302.200000
4162 17302.000000
4163 17324.600000
4164 17359.800000
4165 17408.400000
4166 17340.600000
4167 17350.000000
4168 17386.400000
4169 17353.800000
4170 17385.800000
4171 17344.000000
4172 17415.600000
4173 17358.000000
4174 17495.800000
4175 17421.600000
4176 17440.400000
4177 17394.400000
4178 17473.800000
4179 17421.000000
4180 17404.000000
4181 17437.600000
4182 17477.400000
4183 17482.600000
4184 17456.600000
4185 17468.400000
4186 17462.800000
4187 17484.200000
4188 17517.000000
4189 17511.200000
4190 17548.000000
4191 17532.000000
4192 17588.800000
4193 17515.200000
4194 17546.800000
4195 17604.800000
4196 17559.400000
4197 17585.800000
4198 17527.600000
4199 17582.800000
4200 17637.400000
4201 17576.000000
4202 17633.600000
4203 17629.200000
4204 17606.200000
4205 17653.400000
4206 17638.400000
4207 17630.600000
4208 17664.800000
4209 17647.000000
4210 17713.400000
4211 17736.200000
4212 17725.000000
4213 17732.400000
4214 17719.200000
4215 17697.600000
4216 17728.200000
4217 17766.200000
4218 17754.800000
4219 17699.600000
4220 17762.200000
4221 17820.400000
4222 17767.400000
4223 17803.800000
4224 17818.200000
4225 17828.000000
4226 17857.200000
4227 17825.600000
4228 17821.200000
4229 17806.200000
4230 17876.400000
4231 17887.800000
4232 17891.800000
4233 17946.600000
4234 17870.000000
4235 17849.000000
4236 17890.600000
4237 17882.600000
4238 17950.600000
4239 17972.200000
4240 17962.800000
4241 17953.800000
4242 17956.600000
4243 17978.600000
4244 17933.400000
4245 18024.600000
4246 17967.400000
4247 17962.400000
4248 17982.400000
4249 17997.000000
4250 17987.400000
4251 18044.600000
4252 17981.400000
4253 18073.400000
4254 18040.800000
4255 17992.600000
4256 18108.800000
4257 18053.200000
4258 18097.000000
4259 18051.600000
4260 18099.000000
4261 18175.200000
4262 18072.200000
4263 18117.600000
4264 18111.800000
4265 18113.600000
4266 18170.800000
4267 18171.800000
4268 18185.200000
4269 18145.000000
4270 18225.800000
4271 18200.800000
4272 18214.000000
4273 18232.200000
4274 18263.600000
4275 18232.000000
4276 18255.000000
4277 18217.200000
4278 18281.200000
4279 18284.400000
4280 18244.400000
4281 18254.200000
4282 18317.200000
4283 18293.600000
4284 18293.600000
4285 18272.200000
4286 18348.400000
4287 18330.400000
4288 18297.000000
4289 18346.000000
4290 18386.000000
4291 18385.200000
4292 18317.200000
4293 18373.200000
4294 18371.800000
4295 18363.600000
4296 18412.400000
4297 18367.800000
4298 18448.200000
4299 18454.400000
4300 18460.000000
4301 18435.000000
4302 18460.400000
4303 18465.400000
4304 18435.000000
4305 18479.000000
4306 18515.200000
4307 18525.000000
4308 18541.600000
4309 18490.800000
4310 18520.000000
4311 18574.000000
4312 18505.000000
4313 18533.000000
4314 18556.000000
4315 18575.600000
4316 18533.800000
4317 18589.800000
4318 18592.200000
4319 18566.800000
4320 18635.200000
4321 18574.600000
4322 18626.200000
4323 18586.800000
4324 18706.400000
4325 18627.600000
4326 18702.400000
4327 18648.200000
4328 18674.800000
4329 18667.200000
4330 18780.200000
4331 18746.400000
4332 18713.600000
4333 18724.000000
4334 18749.400000
4335 18740.400000
4336 18752.400000
4337 18723.400000
4338 18737.400000
4339 18776.400000
4340 18754.600000
4341 18777.200000
4342 18777.000000
4343 18805.800000
4344 18839.800000
4345 18827.800000
4346 18817.200000
4347 18848.200000
4348 18866.800000
4349 18927.400000
4350 18887.800000
4351 18945.000000
4352 18871.600000
4353 18935.400000
4354 18859.800000
4355 18932.600000
4356 18947.800000
4357 18895.600000
4358 18944.600000
4359 18890.400000
4360 18933.200000
4361 18918.600000
4362 18978.400000
4363 19003.400000
4364 18993.200000
4365 18953.800000
4366 19034.400000
4367 19016.000000
4368 19039.000000
4369 19052.200000
4370 18967.000000
4371 19065.600000
4372 19024.000000
4373 19034.400000
4374 19075.200000
4375 19097.800000
4376 19107.600000
4377 19107.600000
4378 19090.400000
4379 19158.800000
4380 19118.400000
4381 19132.400000
4382 19150.600000
4383 19200.800000
4384 19150.000000
4385 19138.200000
4386 19182.600000
4387 19228.600000
4388 19223.600000
4389 19188.400000
4390 19204.400000
4391 19255.800000
4392 19200.200000
4393 19240.600000
4394 19244.000000
4395 19251.000000
4396 19282.600000
4397 19300.800000
4398 19241.000000
4399 19318.600000
4400 19339.000000
4401 19324.200000
4402 19372.400000
4403 19316.800000
4404 19349.800000
4405 19339.800000
4406 19369.000000
4407 19336.200000
4408 19349.000000
4409 19359.000000
4410 19433.600000
4411 19444.000000
4412 19393.400000
4413 19428.000000
4414 19418.600000
4415 19431.400000
4416 19434.200000
4417 19473.800000
4418 19415.000000
4419 19419.200000
4420 19509.800000
4421 19495.200000
4422 19489.400000
4423 19486.800000
4424 19468.400000
4425 19536.000000
4426 19569.800000
4427 19535.200000
4428 19477.200000
4429 19566.000000
4430 19520.200000
4431 19578.800000
4432 19610.800000
4433 19582.800000
4434 19630.600000
4435 19575.800000
4436 19662.200000
4437 19659.800000
4438 19662.600000
4439 19647.000000
4440 19640.800000
4441 19660.000000
4442 19702.400000
4443 19648.600000
4444 19633.000000
4445 19692.600000
4446 19678.200000
4447 19778.400000
4448 19747.400000
4449 19761.800000
4450 19722.600000
4451 19711.200000
4452 19766.600000
4453 19782.400000
4454 19766.600000
4455 19707.400000
4456 19807.000000
4457 19809.000000
4458 19834.200000
4459 19807.200000
4460 19802.600000
4461 19816.000000
4462 19836.600000
4463 19910.200000
4464 19886.600000
4465 19887.600000
4466 19866.600000
4467 19920.200000
4468 19865.800000
4469 19908.400000
4470 19882.800000
4471 19926.200000
4472 19917.000000
4473 19934.600000
4474 19993.200000
4475 20002.000000
4476 19924.600000
4477 20008.800000
4478 19941.000000
4479 19958.800000
4480 20023.600000
4481 20013.600000
4482 20005.000000
4483 20024.000000
4484 20122.800000
4485 20061.000000
4486 20082.800000
4487 20046.800000
4488 20115.400000
4489 20155.000000
4490 20118.000000
4491 20054.600000
4492 20061.600000
4493 20126.000000
4494 20129.000000
4495 20100.800000
4496 20124.800000
4497 20146.800000
4498 20181.200000
4499 20221.600000
4500 20126.800000
4501 20220.200000
4502 20239.600000
4503 20176.200000
4504 20266.200000
4505 20207.000000
4506 20254.400000
4507 20211.800000
4508 20265.800000
4509 20259.000000
4510 20254.600000
4511 20285.800000
4512 20271.400000
4513 20274.400000
4514 20348.400000
4515 20281.800000
4516 20338.200000
4517 20313.200000
4518 20352.200000
4519 20322.800000
4520 20393.800000
4521 20359.200000
4522 20394.800000
4523 20401.800000
4524 20393.200000
4525 20408.600000
4526 20447.400000
4527 20444.800000
4528 20446.000000
4529 20479.800000
4530 20440.600000
4531 20546.400000
4532 20458.400000
4533 20439.600000
4534 20504.400000
4535 20489.800000
4536 20471.400000
4537 20486.600000
4538 20595.400000
4539 20543.000000
4540 20543.000000
4541 20589.400000
4542 20607.200000
4543 20545.600000
4544 20573.800000
4545 20600.800000
4546 20638.000000
4547 20595.000000
4548 20616.400000
4549 20610.400000
4550 20624.600000
4551 20656.800000
4552 20641.600000
4553 20709.600000
4554 20753.200000
4555 20731.200000
4556 20707.600000
4557 20743.400000
4558 20722.200000
4559 20705.600000
4560 20705.800000
4561 20712.000000
4562 20750.800000
4563 20743.600000
4564 20782.800000
4565 20752.800000
4566 20799.000000
4567 20858.400000
4568 20797.000000
4569 20784.800000
4570 20859.800000
4571 20772.600000
4572 20846.600000
4573 20874.800000
4574 20829.200000
4575 20860.800000
4576 20894.200000
4577 20855.600000
4578 20919.400000
4579 20956.200000
4580 20920.400000
4581 20908.800000
4582 20893.600000
4583 20924.800000
4584 20934.400000
4585 20945.400000
4586 20971.600000
4587 20940.800000
4588 21014.600000
4589 21042.600000
4590 21008.000000
4591 21028.800000
4592 21000.600000
4593 21037.400000
4594 21029.800000
4595 21065.800000
4596 21029.000000
4597 21091.200000
4598 21038.000000
4599 21123.000000
4600 21119.400000
4601 21070.200000
4602 21097.400000
4603 21082.400000
4604 21192.400000
4605 21118.000000
4606 21113.000000
4607 21115.800000
4608 21165.800000
4609 21126.400000
4610 21144.800000
4611 21230.800000
4612 21134.400000
4613 21265.000000
4614 21235.000000
4615 21225.000000
4616 21202.200000
4617 21168.000000
4618 21224.000000
4619 21231.400000
4620 21244.000000
4621 21324.600000
4622 21283.200000
4623 21322.200000
4624 21313.800000
4625 21300.600000
4626 21313.000000
4627 21265.800000
4628 21284.400000
4629 21414.400000
4630 21397.800000
4631 21353.800000
4632 21352.400000
4633 21368.800000
4634 21364.600000
4635 21378.000000
4636 21404.600000
4637 21457.600000
4638 21472.200000
4639 21409.000000
4640 21422.200000
4641 21472.400000
4642 21455.400000
4643 21465.400000
4644 21453.600000
4645 21506.800000
4646 21493.200000
4647 21530.200000
4648 21487.200000
4649 21582.400000
4650 21595.600000
4651 21540.400000
4652 21638.600000
4653 21550.800000
4654 21608.400000
4655 21561.000000
4656 21648.400000
4657 21600.200000
4658 21619.600000
4659 21624.600000
4660 21644.000000
4661 21634.200000
4662 21665.400000
4663 21622.200000
4664 21662.200000
4665 21710.800000
4666 21709.400000
4667 21681.200000
4668 21726.400000
4669 21736.800000
4670 21728.800000
4671 21725.800000
4672 21741.200000
4673 21670.800000
4674 21712.400000
4675 21765.200000
4676 21831.200000
4677 21793.400000
4678 21830.000000
4679 21872.800000
4680 21837.200000
4681 21852.200000
4682 21798.800000
4683 21846.200000
4684 21825.600000
4685 21904.200000
4686 21860.000000
4687 21851.000000
4688 21886.800000
4689 21943.400000
4690 21902.000000
4691 21881.800000
4692 21946.600000
4693 21870.000000
4694 21963.800000
4695 21925.800000
4696 21943.200000
4697 22019.600000
4698 22004.200000
4699 21999.800000
4700 22010.400000
4701 22023.400000
4702 22018.200000
4703 22038.800000
4704 22026.200000
4705 22075.200000
4706 22059.000000
4707 22061.800000
4708 22041.400000
4709 22090.000000
4710 22079.200000
4711 22086.400000
4712 22100.800000
4713 22125.400000
4714 22125.400000
4715 22175.000000
4716 22105.600000
4717 22160.800000
4718 22135.800000
4719 22165.400000
4720 22129.800000
4721 22154.800000
4722 22165.200000
4723 22238.000000
4724 22239.600000
4725 22203.600000
4726 22296.000000
4727 22261.600000
4728 22276.400000
4729 22234.400000
4730 22338.200000
4731 22261.600000
4732 22298.600000
4733 22304.400000
4734 22304.600000
4735 22281.800000
4736 22297.400000
4737 22386.400000
4738 22356.400000
4739 22348.000000
4740 22364.000000
4741 22441.200000
4742 22357.000000
4743 22401.600000
4744 22390.800000
4745 22388.200000
4746 22446.200000
4747 22397.000000
4748 22393.800000
4749 22420.600000
4750 22495.000000
4751 22488.000000
4752 22383.600000
4753 22494.800000
4754 22465.400000
4755 22468.400000
4756 22503.600000
4757 22486.200000
4758 22578.600000
4759 22612.800000
4760 22629.600000
4761 22506.600000
4762 22542.200000
4763 22592.600000
4764 22604.000000
4765 22710.000000
4766 22628.400000
4767 22698.200000
4768 22531.800000
4769 22651.200000
4770 22610.600000
4771 22676.600000
4772 22719.600000
4773 22715.200000
4774 22696.200000
4775 22673.200000
4776 22759.800000
4777 22780.600000
4778 22917.000000
4779 22781.000000
4780 22787.200000
4781 22728.000000
4782 22806.400000
4783 22821.200000
4784 22813.400000
4785 22835.800000
4786 22934.600000
4787 22938.200000
4788 22850.800000
4789 22872.000000
4790 22841.400000
4791 22900.000000
4792 22839.600000
4793 22879.600000
4794 22864.600000
4795 22843.000000
4796 22928.600000
4797 22867.200000
4798 22889.400000
4799 22863.000000
4800 22935.000000
4801 22923.400000
4802 22947.400000
4803 23045.000000
4804 22977.400000
4805 22963.800000
4806 22945.000000
4807 23016.600000
4808 23075.200000
4809 23004.400000
4810 23033.000000
4811 23088.600000
4812 23011.600000
4813 23113.600000
4814 23066.800000
4815 23076.200000
4816 23083.200000
4817 23149.600000
4818 23096.800000
4819 23112.800000
4820 23161.800000
4821 23137.400000
4822 23139.800000
4823 23162.200000
4824 23100.400000
4825 23169.600000
4826 23225.200000
4827 23172.600000
4828 23186.200000
4829 23260.000000
4830 23250.200000
4831 23235.200000
4832 23283.400000
4833 23226.200000
4834 23275.000000
4835 23259.600000
4836 23326.600000
4837 23296.800000
4838 23326.400000
4839 23298.400000
4840 23355.000000
4841 23379.800000
4842 23374.200000
4843 23377.000000
4844 23355.400000
4845 23360.600000
4846 23363.400000
4847 23460.800000
4848 23457.000000
4849 23444.800000
4850 23433.200000
4851 23479.200000
4852 23410.400000
4853 23501.000000
4854 23451.400000
4855 23478.000000
4856 23466.600000
4857 23572.200000
4858 23472.400000
4859 23517.200000
4860 23533.800000
4861 23512.400000
4862 23530.600000
4863 23533.800000
4864 23607.600000
4865 23585.200000
4866 23577.200000
4867 23619.800000
4868 23632.600000
4869 23597.400000
4870 23599.200000
4871 23547.000000
4872 23610.800000
4873 23654.200000
4874 23611.000000
4875 23685.600000
4876 23692.200000
4877 23645.400000
4878 23707.600000
4879 23673.600000
4880 23680.600000
4881 23713.600000
4882 23734.200000
4883 23670.200000
4884 23725.600000
4885 23799.000000
4886 24310.400000
4887 23804.400000
4888 23827.800000
4889 23802.000000
4890 23819.600000
4891 23819.800000
4892 23839.200000
4893 23851.000000
4894 23893.200000
4895 23859.400000
4896 23909.400000
4897 23845.800000
4898 23925.800000
4899 23824.000000
4900 23858.200000
4901 23887.400000
4902 23846.800000
4903 23916.000000
4904 24001.800000
4905 23992.000000
4906 23971.800000
4907 23970.600000
4908 24024.200000
4909 24035.000000
4910 23991.600000
4911 24030.800000
4912 23984.600000
4913 24001.600000
4914 24034.000000
4915 24037.200000
4916 24008.800000
4917 24008.000000
4918 24062.600000
4919 24046.400000
4920 24083.600000
4921 24108.400000
4922 24109.600000
4923 24103.800000
4924 24129.600000
4925 24098.400000
4926 24082.400000
4927 24134.400000
4928 24184.600000
4929 24189.400000
4930 24203.000000
4931 24184.600000
4932 24219.800000
4933 24155.600000
4934 24257.200000
4935 24257.600000
4936 24229.400000
4937 24215.800000
4938 24243.800000
4939 24234.600000
4940 24298.000000
4941 24222.200000
4942 24351.600000
4943 24369.800000
4944 24370.000000
4945 24347.000000
4946 24309.000000
4947 24298.800000
4948 24368.200000
4949 24367.000000
4950 24369.000000
4951 24344.200000
4952 24423.800000
4953 24360.000000
4954 24423.200000
4955 24457.000000
4956 24456.400000
4957 24429.800000
4958 24393.600000
4959 24464.000000
4960 24440.000000
4961 24565.400000
4962 24456.600000
4963 24529.000000
4964 24529.000000
4965 24620.400000
4966 24477.000000
4967 24522.800000
4968 24573.000000
4969 24554.400000
4970 24605.600000
4971 24579.400000
4972 24516.000000
4973 24585.800000
4974 24599.400000
4975 24620.000000
4976 24611.400000
4977 24672.600000
4978 24646.400000
4979 24620.400000
4980 24725.400000
4981 24681.000000
4982 24738.200000
4983 24682.800000
4984 24739.200000
4985 24762.000000
4986 24711.800000
4987 24796.000000
4988 24716.400000
4989 24805.000000
4990 24761.600000
4991 24817.600000
4992 24766.400000
4993 24849.600000
4994 24888.000000
4995 24805.400000
4996 24821.000000
4997 24867.600000
4998 24856.800000
4999 24917.600000
