0 1.200000
1 0.800000
2 1.000000
3 1.000000
4 1.200000
5 1.400000
6 1.800000
7 1.600000
8 2.000000
9 2.200000
10 2.200000
11 2.600000
12 3.000000
13 3.400000
14 3.600000
15 3.600000
16 3.800000
17 4.400000
18 4.200000
19 5.000000
20 5.600000
21 5.800000
22 5.800000
23 6.200000
24 6.400000
25 6.800000
26 7.600000
27 7.400000
28 7.800000
29 8.400000
30 8.600000
31 9.200000
32 9.600000
33 10.000000
34 10.600000
35 11.000000
36 11.800000
37 11.600000
38 12.600000
39 13.000000
40 13.800000
41 14.200000
42 14.800000
43 15.000000
44 15.400000
45 16.200000
46 17.000000
47 17.400000
48 17.800000
49 18.600000
50 19.200000
51 19.200000
52 20.600000
53 20.800000
54 22.000000
55 22.600000
56 22.600000
57 23.200000
58 23.600000
59 25.000000
60 26.000000
61 26.200000
62 27.200000
63 27.600000
64 28.400000
65 20.400000
66 17.400000
67 8.800000
68 9.200000
69 9.000000
70 9.600000
71 9.600000
72 10.000000
73 10.200000
74 10.200000
75 11.000000
76 10.600000
77 10.800000
78 11.200000
79 11.800000
80 12.400000
81 13.200000
82 12.400000
83 12.800000
84 12.400000
85 13.200000
86 13.200000
87 13.800000
88 14.000000
89 14.200000
90 15.400000
91 14.800000
92 15.000000
93 24.200000
94 16.000000
95 16.200000
96 17.400000
97 16.200000
98 16.400000
99 17.000000
100 17.400000
101 17.600000
102 18.000000
103 18.200000
104 18.800000
105 18.600000
106 19.000000
107 19.200000
108 19.800000
109 20.000000
110 20.400000
111 20.800000
112 21.200000
113 37.400000
114 21.600000
115 22.200000
116 22.200000
117 22.600000
118 22.600000
119 22.800000
120 23.400000
121 24.200000
122 24.400000
123 25.200000
124 25.000000
125 25.400000
126 25.800000
127 25.000000
128 25.800000
129 26.200000
130 26.400000
131 26.600000
132 27.000000
133 27.600000
134 27.800000
135 28.600000
136 28.400000
137 28.600000
138 29.400000
139 29.600000
140 30.400000
141 30.600000
142 31.000000
143 31.400000
144 31.400000
145 31.800000
146 32.200000
147 32.600000
148 33.200000
149 33.400000
150 34.000000
151 37.200000
152 33.400000
153 33.800000
154 34.600000
155 34.600000
156 35.400000
157 35.600000
158 35.600000
159 36.400000
160 36.800000
161 37.200000
162 53.800000
163 49.000000
164 38.600000
165 39.000000
166 41.800000
167 38.800000
168 38.800000
169 39.600000
170 43.000000
171 39.000000
172 39.400000
173 39.800000
174 40.600000
175 41.000000
176 41.000000
177 41.600000
178 42.000000
179 42.800000
180 63.600000
181 53.600000
182 43.400000
183 45.400000
184 45.800000
185 44.800000
186 45.400000
187 45.600000
188 46.600000
189 49.600000
190 47.000000
191 47.800000
192 48.400000
193 49.000000
194 49.000000
195 59.000000
196 50.400000
197 50.400000
198 51.200000
199 51.600000
200 52.200000
201 52.400000
202 52.800000
203 53.200000
204 53.400000
205 54.400000
206 54.800000
207 55.400000
208 55.600000
209 70.000000
210 57.000000
211 57.400000
212 57.600000
213 58.400000
214 58.600000
215 59.400000
216 59.800000
217 60.000000
218 60.600000
219 61.200000
220 61.400000
221 62.200000
222 80.600000
223 63.400000
224 64.600000
225 64.400000
226 64.600000
227 65.200000
228 65.800000
229 66.000000
230 66.800000
231 67.200000
232 68.000000
233 82.000000
234 69.400000
235 69.800000
236 70.200000
237 71.000000
238 71.200000
239 71.600000
240 72.600000
241 74.200000
242 73.800000
243 82.000000
244 74.800000
245 75.000000
246 75.600000
247 75.600000
248 76.600000
249 77.000000
250 78.000000
251 79.000000
252 79.000000
253 88.600000
254 80.400000
255 82.400000
256 79.000000
257 80.000000
258 80.000000
259 80.800000
260 81.600000
261 81.600000
262 89.800000
263 83.000000
264 83.800000
265 84.200000
266 85.400000
267 85.400000
268 86.200000
269 86.600000
270 87.000000
271 88.200000
272 92.400000
273 89.400000
274 89.200000
275 90.000000
276 90.800000
277 91.200000
278 92.600000
279 123.400000
280 93.000000
281 93.400000
282 94.000000
283 95.200000
284 95.400000
285 96.000000
286 96.600000
287 105.200000
288 98.000000
289 98.800000
290 100.000000
291 100.600000
292 101.200000
293 101.400000
294 101.600000
295 102.800000
296 103.200000
297 104.000000
298 104.600000
299 105.400000
300 105.800000
301 106.600000
302 107.400000
303 107.600000
304 108.400000
305 119.000000
306 109.400000
307 110.600000
308 111.400000
309 128.800000
310 128.000000
311 112.600000
312 114.200000
313 114.200000
314 115.000000
315 116.200000
316 116.800000
317 117.000000
318 118.000000
319 118.800000
320 119.400000
321 120.200000
322 130.600000
323 121.000000
324 122.200000
325 122.800000
326 123.400000
327 124.400000
328 125.200000
329 126.200000
330 126.800000
331 126.600000
332 127.600000
333 128.600000
334 129.600000
335 129.600000
336 139.400000
337 131.400000
338 132.400000
339 133.000000
340 134.400000
341 134.200000
342 135.200000
343 135.600000
344 136.800000
345 137.600000
346 138.600000
347 138.600000
348 139.800000
349 140.400000
350 141.000000
351 141.800000
352 143.000000
353 143.600000
354 144.000000
355 190.600000
356 157.200000
357 196.000000
358 155.800000
359 165.200000
360 148.000000
361 150.200000
362 149.800000
363 151.200000
364 151.600000
365 152.200000
366 153.200000
367 153.200000
368 154.400000
369 155.600000
370 156.000000
371 159.200000
372 158.400000
373 159.600000
374 159.800000
375 160.000000
376 161.600000
377 161.600000
378 163.000000
379 172.800000
380 165.000000
381 165.000000
382 165.200000
383 166.800000
384 167.600000
385 168.400000
386 170.000000
387 196.200000
388 171.800000
389 171.600000
390 172.600000
391 173.200000
392 174.400000
393 175.400000
394 176.600000
395 177.400000
396 177.800000
397 194.800000
398 180.200000
399 182.600000
400 181.600000
401 181.800000
402 183.200000
403 184.000000
404 184.600000
405 185.200000
406 186.400000
407 187.400000
408 187.000000
409 189.000000
410 189.400000
411 191.600000
412 191.200000
413 192.600000
414 193.000000
415 212.000000
416 195.000000
417 195.600000
418 196.800000
419 197.800000
420 198.400000
421 199.000000
422 200.400000
423 201.200000
424 202.000000
425 202.800000
426 204.200000
427 212.800000
428 205.200000
429 206.800000
430 216.000000
431 221.400000
432 209.200000
433 210.000000
434 219.800000
435 212.000000
436 213.400000
437 215.200000
438 214.400000
439 215.800000
440 216.400000
441 218.000000
442 217.800000
443 218.800000
444 220.800000
445 236.600000
446 222.200000
447 223.600000
448 224.600000
449 225.800000
450 226.400000
451 227.200000
452 228.400000
453 229.000000
454 230.000000
455 231.000000
456 231.800000
457 233.000000
458 234.000000
459 247.000000
460 235.600000
461 237.200000
462 237.600000
463 238.600000
464 239.800000
465 240.800000
466 241.400000
467 244.000000
468 244.000000
469 244.200000
470 279.200000
471 282.400000
472 343.000000
473 272.600000
474 439.600000
475 363.400000
476 359.000000
477 346.000000
478 260.200000
479 273.000000
480 275.600000
481 256.800000
482 257.200000
483 299.400000
484 259.400000
485 294.000000
486 277.200000
487 263.200000
488 263.800000
489 279.600000
490 265.800000
491 266.400000
492 286.400000
493 268.800000
494 269.800000
495 299.600000
496 272.200000
497 273.600000
498 273.400000
499 274.200000
500 286.200000
501 277.000000
502 277.800000
503 279.200000
504 280.400000
505 281.200000
506 298.200000
507 283.800000
508 285.800000
509 284.800000
510 286.600000
511 288.200000
512 287.800000
513 289.400000
514 291.400000
515 291.400000
516 293.600000
517 304.000000
518 294.600000
519 296.200000
520 297.400000
521 298.200000
522 299.400000
523 301.200000
524 302.000000
525 302.800000
526 303.600000
527 305.200000
528 314.800000
529 307.400000
530 308.000000
531 309.800000
532 311.000000
533 311.400000
534 313.000000
535 314.000000
536 511.600000
537 329.000000
538 326.200000
539 319.400000
540 319.000000
541 337.000000
542 321.800000
543 322.800000
544 324.000000
545 325.600000
546 326.600000
547 326.600000
548 346.400000
549 329.200000
550 330.400000
551 331.000000
552 333.400000
553 333.800000
554 335.800000
555 337.200000
556 337.800000
557 339.000000
558 355.200000
559 341.000000
560 342.800000
561 343.400000
562 345.000000
563 346.400000
564 347.200000
565 348.400000
566 349.000000
567 358.800000
568 352.000000
569 352.800000
570 353.600000
571 355.200000
572 355.200000
573 358.000000
574 359.200000
575 360.000000
576 369.400000
577 363.600000
578 363.600000
579 364.800000
580 366.800000
581 367.200000
582 369.000000
583 369.200000
584 372.400000
585 386.800000
586 373.200000
587 374.400000
588 375.800000
589 376.000000
590 378.600000
591 380.400000
592 381.400000
593 381.600000
594 390.000000
595 383.800000
596 386.000000
597 386.600000
598 388.600000
599 388.800000
600 390.800000
601 390.800000
602 410.400000
603 394.400000
604 395.200000
605 396.600000
606 397.800000
607 399.400000
608 400.800000
609 401.600000
610 412.000000
611 403.800000
612 406.600000
613 407.200000
614 408.400000
615 409.600000
616 411.400000
617 412.600000
618 422.000000
619 414.400000
620 416.200000
621 417.400000
622 418.200000
623 419.600000
624 420.600000
625 422.400000
626 438.800000
627 425.000000
628 426.400000
629 427.800000
630 429.000000
631 430.200000
632 431.200000
633 448.000000
634 434.600000
635 435.200000
636 436.000000
637 437.800000
638 439.400000
639 440.200000
640 441.200000
641 459.200000
642 444.400000
643 446.000000
644 446.400000
645 448.400000
646 450.600000
647 450.400000
648 470.800000
649 454.200000
650 455.600000
651 456.000000
652 459.400000
653 459.200000
654 460.800000
655 470.800000
656 463.400000
657 465.400000
658 467.000000
659 467.400000
660 469.200000
661 470.200000
662 486.800000
663 472.800000
664 474.800000
665 475.600000
666 477.000000
667 478.000000
668 479.200000
669 489.600000
670 482.400000
671 507.400000
672 485.200000
673 488.000000
674 544.600000
675 540.800000
676 492.200000
677 491.400000
678 503.200000
679 503.800000
680 648.200000
681 573.600000
682 528.000000
683 528.000000
684 502.000000
685 513.800000
686 514.000000
687 505.800000
688 543.400000
689 510.200000
690 510.200000
691 511.800000
692 513.400000
693 515.000000
694 531.400000
695 519.200000
696 518.800000
697 520.800000
698 522.600000
699 523.200000
700 546.600000
701 526.200000
702 528.400000
703 530.200000
704 531.000000
705 531.800000
706 549.400000
707 534.200000
708 536.000000
709 538.400000
710 540.000000
711 540.800000
712 550.400000
713 547.400000
714 545.000000
715 546.600000
716 548.400000
717 549.600000
718 567.000000
719 553.000000
720 555.600000
721 555.200000
722 567.600000
723 558.600000
724 592.200000
725 561.800000
726 563.400000
727 575.000000
728 565.800000
729 567.400000
730 597.800000
731 570.400000
732 572.600000
733 573.600000
734 574.000000
735 577.000000
736 595.000000
737 579.400000
738 581.000000
739 581.200000
740 583.800000
741 602.200000
742 587.400000
743 588.600000
744 589.600000
745 591.600000
746 592.000000
747 611.200000
748 595.600000
749 607.800000
750 599.400000
751 601.800000
752 628.600000
753 603.200000
754 606.600000
755 616.600000
756 608.800000
757 610.000000
758 642.200000
759 613.200000
760 623.200000
761 626.200000
762 616.000000
763 634.600000
764 621.000000
765 623.000000
766 625.200000
767 625.200000
768 658.800000
769 629.000000
770 630.200000
771 633.200000
772 632.600000
773 643.800000
774 636.800000
775 638.200000
776 640.400000
777 642.200000
778 657.600000
779 643.200000
780 647.200000
781 647.600000
782 649.800000
783 666.800000
784 651.400000
785 654.600000
786 656.000000
787 658.200000
788 685.000000
789 662.400000
790 662.800000
791 663.200000
792 666.200000
793 682.200000
794 668.400000
795 671.400000
796 672.000000
797 673.800000
798 684.800000
799 676.400000
800 679.000000
801 680.200000
802 680.800000
803 698.600000
804 685.400000
805 686.800000
806 688.800000
807 689.600000
808 706.800000
809 694.000000
810 695.200000
811 696.600000
812 707.200000
813 700.000000
814 701.000000
815 703.400000
816 704.800000
817 722.200000
818 709.000000
819 709.800000
820 712.600000
821 713.400000
822 731.400000
823 716.600000
824 719.200000
825 720.200000
826 739.400000
827 722.800000
828 724.600000
829 727.600000
830 728.400000
831 745.600000
832 731.600000
833 733.600000
834 735.400000
835 753.400000
836 739.200000
837 739.800000
838 741.000000
839 759.000000
840 745.000000
841 746.800000
842 749.200000
843 751.400000
844 780.600000
845 755.600000
846 756.600000
847 757.200000
848 768.200000
849 762.000000
850 763.200000
851 763.800000
852 784.600000
853 767.800000
854 770.200000
855 772.000000
856 773.600000
857 790.800000
858 796.600000
859 781.600000
860 834.200000
861 791.200000
862 800.200000
863 788.800000
864 788.000000
865 805.200000
866 792.000000
867 792.600000
868 795.200000
869 818.400000
870 798.400000
871 800.400000
872 802.400000
873 819.800000
874 804.400000
875 805.800000
876 817.600000
877 828.800000
878 812.600000
879 814.200000
880 815.000000
881 834.200000
882 819.400000
883 821.000000
884 853.200000
885 835.400000
886 827.400000
887 845.600000
888 1163.800000
889 929.800000
890 847.200000
891 835.800000
892 865.200000
893 839.400000
894 842.200000
895 842.800000
896 861.800000
897 846.800000
898 859.400000
899 850.600000
900 868.000000
901 854.200000
902 855.800000
903 857.600000
904 875.600000
905 867.800000
906 863.400000
907 865.000000
908 882.200000
909 869.800000
910 869.600000
911 892.800000
912 873.600000
913 875.000000
914 877.800000
915 893.600000
916 882.000000
917 884.600000
918 885.400000
919 910.800000
920 889.800000
921 906.400000
922 898.600000
923 895.200000
924 896.200000
925 898.000000
926 916.400000
927 902.800000
928 904.000000
929 904.600000
930 923.800000
931 910.800000
932 911.800000
933 926.600000
934 915.800000
935 916.600000
936 918.600000
937 935.800000
938 924.000000
939 924.200000
940 941.800000
941 929.600000
942 929.600000
943 932.000000
944 953.200000
945 937.400000
946 937.400000
947 955.000000
948 943.000000
949 943.000000
950 946.800000
951 964.000000
952 949.800000
953 952.400000
954 969.200000
955 955.400000
956 958.600000
957 959.200000
958 971.200000
959 964.000000
960 965.600000
961 982.400000
962 969.000000
963 970.600000
964 977.600000
965 1007.600000
966 978.400000
967 978.400000
968 995.600000
969 982.600000
970 983.600000
971 1004.000000
972 988.200000
973 990.000000
974 1001.400000
975 994.200000
976 997.200000
977 998.800000
978 1016.000000
979 1001.600000
980 1004.400000
981 1021.200000
982 1009.000000
983 1011.200000
984 1031.000000
985 1014.600000
986 1016.800000
987 1021.200000
988 1031.400000
989 1040.800000
990 1097.600000
991 1233.800000
992 1078.800000
993 1037.000000
994 1039.400000
995 1035.400000
996 1037.200000
997 1052.800000
998 1040.200000
999 1043.800000
1000 1058.600000
1001 1047.000000
1002 1049.200000
1003 1068.800000
1004 1054.200000
1005 1067.000000
1006 1133.000000
1007 1058.000000
1008 1165.200000
1009 1090.000000
1010 1091.200000
1011 1076.400000
1012 1084.600000
1013 1082.200000
1014 1081.200000
1015 1098.200000
1016 1076.400000
1017 1079.800000
1018 1216.600000
1019 1116.600000
1020 1085.800000
1021 1105.400000
1022 1133.000000
1023 1119.600000
1024 1104.600000
1025 1095.600000
1026 1098.600000
1027 1125.800000
1028 1101.400000
1029 1104.200000
1030 1121.600000
1031 1108.800000
1032 1109.000000
1033 1127.000000
1034 1114.200000
1035 1116.000000
1036 1134.600000
1037 1121.600000
1038 1122.800000
1039 1142.000000
1040 1127.800000
1041 1128.800000
1042 1146.200000
1043 1133.600000
1044 1161.800000
1045 1141.200000
1046 1139.400000
1047 1151.000000
1048 1143.600000
1049 1148.000000
1050 1160.000000
1051 1150.400000
1052 1151.800000
1053 1170.000000
1054 1156.600000
1055 1158.800000
1056 1177.800000
1057 1163.800000
1058 1164.400000
1059 1182.400000
1060 1169.400000
1061 1186.000000
1062 1174.400000
1063 1179.400000
1064 1264.600000
1065 1181.200000
1066 1182.800000
1067 1252.800000
1068 1186.000000
1069 1189.400000
1070 1256.600000
1071 1193.600000
1072 1213.400000
1073 1199.400000
1074 1200.200000
1075 1211.800000
1076 1204.600000
1077 1206.800000
1078 1223.800000
1079 1210.400000
1080 1415.800000
1081 1237.800000
1082 1216.600000
1083 1234.600000
1084 1221.600000
1085 1224.000000
1086 1240.400000
1087 1231.400000
1088 1247.800000
1089 1234.600000
1090 1235.800000
1091 1259.400000
1092 1268.200000
1093 1329.000000
1094 1255.400000
1095 1258.000000
1096 1263.800000
1097 1250.400000
1098 1254.600000
1099 1277.200000
1100 1257.400000
1101 1303.200000
1102 1262.600000
1103 1263.800000
1104 1292.600000
1105 1268.400000
1106 1270.200000
1107 1317.000000
1108 1276.800000
1109 1287.600000
1110 1278.600000
1111 1283.000000
1112 1299.800000
1113 1286.600000
1114 1305.000000
1115 1291.200000
1116 1293.800000
1117 1310.400000
1118 1298.000000
1119 1318.000000
1120 1302.200000
1121 1304.000000
1122 1344.800000
1123 1485.400000
1124 1383.600000
1125 1418.200000
1126 1324.200000
1127 1328.200000
1128 1320.600000
1129 1442.400000
1130 1421.800000
1131 1345.600000
1132 1329.000000
1133 1339.800000
1134 1352.200000
1135 1335.400000
1136 1355.400000
1137 1341.000000
1138 1343.200000
1139 1369.400000
1140 1347.800000
1141 1366.600000
1142 1351.200000
1143 1573.800000
1144 1651.000000
1145 1396.000000
1146 1361.600000
1147 1364.600000
1148 1377.000000
1149 1370.000000
1150 1378.200000
1151 1464.400000
1152 1374.600000
1153 1377.800000
1154 1380.600000
1155 1384.400000
1156 1383.800000
1157 1396.200000
1158 1389.600000
1159 1391.800000
1160 1395.400000
1161 1395.600000
1162 1399.400000
1163 1401.400000
1164 1404.600000
1165 1405.400000
1166 1409.400000
1167 1411.400000
1168 1433.000000
1169 1413.200000
1170 1418.600000
1171 1420.800000
1172 1423.000000
1173 1422.800000
1174 1426.400000
1175 1429.000000
1176 1433.000000
1177 1434.400000
1178 1437.000000
1179 1480.200000
1180 1515.000000
1181 1445.400000
1182 1457.800000
1183 1448.000000
1184 1450.400000
1185 1453.000000
1186 1455.200000
1187 1457.000000
1188 1459.400000
1189 1463.200000
1190 1466.000000
1191 1467.000000
1192 1468.800000
1193 1472.800000
1194 1475.000000
1195 1478.000000
1196 1501.000000
1197 1482.600000
1198 1488.600000
1199 1487.600000
1200 1521.600000
1201 1491.200000
1202 1503.600000
1203 1496.600000
1204 1498.200000
1205 1502.200000
1206 1505.600000
1207 1507.200000
1208 1509.400000
1209 1634.800000
1210 1514.200000
1211 1516.200000
1212 1518.800000
1213 1522.400000
1214 1525.000000
1215 1525.400000
1216 1537.600000
1217 1531.000000
1218 1559.400000
1219 1535.400000
1220 1549.800000
1221 1838.600000
1222 1805.600000
1223 1567.000000
1224 1629.800000
1225 1559.400000
1226 1552.400000
1227 1556.400000
1228 1592.200000
1229 1569.800000
1230 1568.800000
1231 1565.400000
1232 1567.200000
1233 1571.200000
1234 1573.000000
1235 1575.800000
1236 1577.400000
1237 1579.800000
1238 1583.000000
1239 1585.200000
1240 1587.600000
1241 1590.400000
1242 1591.800000
1243 1594.800000
1244 1596.800000
1245 1601.200000
1246 1602.600000
1247 1605.600000
1248 1607.400000
1249 1610.000000
1250 1612.400000
1251 1697.800000
1252 1617.800000
1253 1627.800000
1254 1624.000000
1255 1626.800000
1256 1637.000000
1257 1704.400000
1258 1635.400000
1259 1634.600000
1260 1638.600000
1261 1647.800000
1262 1654.200000
1263 1661.400000
1264 1647.600000
1265 1669.600000
1266 1653.600000
1267 1656.000000
1268 1658.200000
1269 1661.000000
1270 1663.400000
1271 1749.800000
1272 1669.200000
1273 1672.200000
1274 1673.200000
1275 1693.000000
1276 1678.200000
1277 1680.400000
1278 1685.200000
1279 1694.800000
1280 1689.400000
1281 1703.800000
1282 1693.000000
1283 1695.000000
1284 1699.000000
1285 1702.200000
1286 1704.600000
1287 1716.000000
1288 1709.400000
1289 1713.200000
1290 1717.800000
1291 1716.400000
1292 1728.600000
1293 1723.000000
1294 1765.000000
1295 1729.200000
1296 1766.200000
1297 1732.800000
1298 1740.000000
1299 1739.000000
1300 1741.800000
1301 1745.400000
1302 1745.200000
1303 1749.400000
1304 1751.000000
1305 1753.600000
1306 1755.800000
1307 1759.200000
1308 1761.600000
1309 1763.400000
1310 1766.600000
1311 1769.000000
1312 1771.800000
1313 1774.800000
1314 1777.200000
1315 1778.600000
1316 1782.200000
1317 1786.600000
1318 1793.600000
1319 1831.400000
1320 1811.600000
1321 1795.200000
1322 1815.600000
1323 1800.000000
1324 1831.800000
1325 1822.600000
1326 1867.600000
1327 1834.400000
1328 1822.400000
1329 1818.800000
1330 1838.400000
1331 1822.800000
1332 1826.200000
1333 1829.800000
1334 1831.200000
1335 1834.600000
1336 1834.800000
1337 1839.400000
1338 1969.200000
1339 1852.200000
1340 1863.000000
1341 1850.600000
1342 1854.000000
1343 1880.400000
1344 1858.200000
1345 1860.800000
1346 1863.400000
1347 1866.400000
1348 1868.800000
1349 1871.800000
1350 1873.400000
1351 1884.600000
1352 1877.600000
1353 1883.000000
1354 1884.400000
1355 1887.600000
1356 1891.800000
1357 1893.400000
1358 1895.800000
1359 1898.400000
1360 1926.600000
1361 1912.800000
1362 1925.800000
1363 1915.800000
1364 1911.200000
1365 1932.200000
1366 1933.200000
1367 1931.000000
1368 1939.600000
1369 1926.800000
1370 1946.000000
1371 1931.800000
1372 1951.000000
1373 1954.200000
1374 1944.000000
1375 1958.600000
1376 1945.000000
1377 1947.000000
1378 1951.200000
1379 1954.000000
1380 1954.400000
1381 1968.800000
1382 1976.200000
1383 1964.800000
1384 1966.400000
1385 1970.400000
1386 1974.000000
1387 2025.600000
1388 2061.800000
1389 1992.400000
1390 2000.800000
1391 1987.600000
1392 2014.800000
1393 2005.400000
1394 1995.200000
1395 2014.800000
1396 2002.600000
1397 2012.400000
1398 2014.800000
1399 2008.800000
1400 2114.400000
1401 2032.000000
1402 2018.800000
1403 2036.800000
1404 2024.000000
1405 2046.000000
1406 2052.800000
1407 2032.400000
1408 2052.400000
1409 2037.000000
1410 2058.600000
1411 2052.000000
1412 2056.600000
1413 2065.200000
1414 2069.800000
1415 2053.600000
1416 2074.600000
1417 2060.200000
1418 2073.800000
1419 2074.000000
1420 2197.600000
1421 2091.800000
1422 2089.400000
1423 2078.800000
1424 2089.200000
1425 2216.600000
1426 2087.000000
1427 2105.400000
1428 2094.200000
1429 2169.600000
1430 2324.200000
1431 2151.400000
1432 2129.200000
1433 2115.800000
1434 2110.800000
1435 2121.400000
1436 2136.600000
1437 2225.600000
1438 2162.600000
1439 2139.800000
1440 2128.000000
1441 2129.000000
1442 2133.400000
1443 2134.200000
1444 2138.600000
1445 2252.800000
1446 2159.000000
1447 2147.000000
1448 2149.600000
1449 2153.600000
1450 2195.400000
1451 2156.800000
1452 2160.800000
1453 2165.000000
1454 2168.000000
1455 2217.400000
1456 2211.400000
1457 2177.600000
1458 2177.800000
1459 2182.000000
1460 2184.800000
1461 2188.400000
1462 2190.600000
1463 2193.000000
1464 2196.000000
1465 2199.000000
1466 2203.000000
1467 2205.200000
1468 2208.200000
1469 2213.400000
1470 2214.800000
1471 2225.800000
1472 2219.400000
1473 2230.400000
1474 2242.800000
1475 2258.600000
1476 2231.800000
1477 2235.000000
1478 2237.400000
1479 2242.200000
1480 2299.600000
1481 2274.600000
1482 2247.800000
1483 2252.400000
1484 2255.800000
1485 2258.200000
1486 2298.000000
1487 2393.200000
1488 2295.200000
1489 2524.600000
1490 2413.200000
1491 2322.600000
1492 2307.400000
1493 2431.200000
1494 2639.800000
1495 2413.400000
1496 2344.800000
1497 2317.000000
1498 2416.400000
1499 2311.800000
1500 2436.800000
1501 2305.200000
1502 2309.200000
1503 2311.400000
1504 2315.000000
1505 2317.000000
1506 2320.200000
1507 2325.000000
1508 2328.000000
1509 2330.000000
1510 2332.600000
1511 2335.800000
1512 2349.600000
1513 2341.600000
1514 2346.400000
1515 2349.000000
1516 2350.800000
1517 2353.800000
1518 2358.600000
1519 2361.600000
1520 2363.000000
1521 2377.400000
1522 2387.600000
1523 2374.600000
1524 2403.600000
1525 2418.400000
1526 2421.400000
1527 2386.000000
1528 2396.400000
1529 2406.800000
1530 2404.000000
1531 2405.400000
1532 2419.000000
1533 2403.800000
1534 2405.000000
1535 2410.400000
1536 2437.400000
1537 2414.400000
1538 2417.600000
1539 2420.800000
1540 2433.400000
1541 2430.000000
1542 2432.400000
1543 2433.800000
1544 2439.800000
1545 2458.000000
1546 2443.600000
1547 2469.000000
1548 2541.400000
1549 2460.800000
1550 2457.200000
1551 2483.000000
1552 2465.200000
1553 2490.200000
1554 2467.800000
1555 2471.400000
1556 2473.600000
1557 2477.200000
1558 2481.200000
1559 2482.800000
1560 2486.800000
1561 2520.200000
1562 2494.400000
1563 2515.600000
1564 2497.000000
1565 2502.000000
1566 2505.800000
1567 2508.600000
1568 2511.600000
1569 2523.000000
1570 2517.400000
1571 2802.000000
1572 2664.800000
1573 2528.400000
1574 2546.600000
1575 2534.000000
1576 2548.200000
1577 2540.000000
1578 2543.600000
1579 2547.000000
1580 2550.600000
1581 2553.000000
1582 2557.600000
1583 2848.400000
1584 2635.200000
1585 2599.800000
1586 2625.400000
1587 2570.200000
1588 2588.000000
1589 2657.200000
1590 2580.200000
1591 2585.000000
1592 2587.000000
1593 2590.800000
1594 2616.600000
1595 2711.600000
1596 2621.200000
1597 2618.200000
1598 2618.200000
1599 2612.600000
1600 2613.400000
1601 2616.800000
1602 2626.200000
1603 2636.000000
1604 2657.200000
1605 2658.600000
1606 2639.400000
1607 2653.000000
1608 2638.000000
1609 2641.600000
1610 2642.800000
1611 2649.200000
1612 2651.800000
1613 2655.000000
1614 2678.600000
1615 2661.200000
1616 2665.600000
1617 2688.600000
1618 2670.600000
1619 2676.800000
1620 2679.600000
1621 2689.000000
1622 2683.800000
1623 2686.000000
1624 2691.400000
1625 2696.000000
1626 2695.800000
1627 2726.200000
1628 2702.600000
1629 2715.400000
1630 2710.000000
1631 2712.800000
1632 2716.200000
1633 2719.200000
1634 2724.800000
1635 2724.800000
1636 2729.400000
1637 2732.800000
1638 2743.200000
1639 2811.600000
1640 2745.400000
1641 2747.600000
1642 2749.400000
1643 2761.000000
1644 2755.400000
1645 2760.600000
1646 2763.400000
1647 2765.800000
1648 2769.400000
1649 3028.200000
1650 2818.000000
1651 2954.400000
1652 2811.200000
1653 2786.600000
1654 2788.000000
1655 2818.600000
1656 2816.800000
1657 2798.000000
1658 2802.200000
1659 2806.200000
1660 2816.600000
1661 2813.400000
1662 2813.000000
1663 2825.800000
1664 2829.800000
1665 2825.000000
1666 2835.600000
1667 2832.200000
1668 2846.400000
1669 2848.600000
1670 2850.200000
1671 2861.200000
1672 2847.400000
1673 2851.800000
1674 2872.800000
1675 2892.600000
1676 2897.000000
1677 2864.400000
1678 2870.000000
1679 2872.600000
1680 2876.000000
1681 2982.400000
1682 2903.400000
1683 2886.200000
1684 2897.600000
1685 2893.800000
1686 2894.200000
1687 2899.000000
1688 2901.000000
1689 2938.000000
1690 2909.000000
1691 2911.200000
1692 2916.800000
1693 2920.400000
1694 2922.600000
1695 2925.000000
1696 2938.200000
1697 2932.000000
1698 2935.400000
1699 3043.400000
1700 2995.200000
1701 2948.600000
1702 3062.400000
1703 3163.600000
1704 2996.200000
1705 2996.400000
1706 2972.400000
1707 2964.600000
1708 2970.200000
1709 2974.400000
1710 2976.600000
1711 2979.800000
1712 3073.600000
1713 3006.600000
1714 3162.000000
1715 3001.800000
1716 3023.000000
1717 3003.800000
1718 3023.000000
1719 3015.800000
1720 3012.400000
1721 3094.400000
1722 3020.400000
1723 3021.000000
1724 3024.800000
1725 3028.800000
1726 3033.800000
1727 3034.600000
1728 3041.800000
1729 3043.000000
1730 3046.000000
1731 3049.000000
1732 3051.800000
1733 3057.000000
1734 3058.400000
1735 3070.800000
1736 3066.200000
1737 3070.000000
1738 3072.600000
1739 3075.800000
1740 3080.800000
1741 3084.600000
1742 3158.200000
1743 3106.200000
1744 3103.400000
1745 3097.800000
1746 3111.400000
1747 3130.400000
1748 3107.400000
1749 3109.800000
1750 3144.800000
1751 3119.000000
1752 3122.200000
1753 3128.200000
1754 3135.600000
1755 3275.400000
1756 3136.400000
1757 3148.800000
1758 3174.800000
1759 3216.200000
1760 3271.800000
1761 3153.600000
1762 3168.800000
1763 3179.600000
1764 3164.600000
1765 3179.800000
1766 3173.600000
1767 3174.600000
1768 3177.800000
1769 3189.200000
1770 3184.800000
1771 3221.400000
1772 3202.800000
1773 3196.000000
1774 3201.000000
1775 3202.400000
1776 3220.000000
1777 3219.200000
1778 3215.600000
1779 3217.000000
1780 3230.800000
1781 3224.400000
1782 3228.000000
1783 3229.600000
1784 3233.200000
1785 3238.600000
1786 3241.400000
1787 3245.600000
1788 3247.600000
1789 3252.800000
1790 3277.000000
1791 3259.800000
1792 3265.600000
1793 3341.800000
1794 3277.000000
1795 3272.600000
1796 3296.800000
1797 3488.800000
1798 3288.200000
1799 3991.600000
1800 3338.600000
1801 3353.800000
1802 3302.800000
1803 3455.800000
1804 3308.400000
1805 3309.200000
1806 3434.600000
1807 3342.800000
1808 3335.800000
1809 3343.200000
1810 3340.800000
1811 3334.400000
1812 3353.600000
1813 3341.000000
1814 3343.000000
1815 3344.600000
1816 3351.600000
1817 3357.200000
1818 3375.000000
1819 3368.200000
1820 3365.200000
1821 3368.400000
1822 3374.000000
1823 3543.200000
1824 3422.600000
1825 3388.400000
1826 3386.800000
1827 3449.600000
1828 3402.000000
1829 3395.600000
1830 3399.200000
1831 3427.400000
1832 3453.000000
1833 3425.200000
1834 3418.000000
1835 3528.000000
1836 3461.200000
1837 3427.800000
1838 3462.000000
1839 3545.000000
1840 3439.200000
1841 3576.600000
1842 3646.000000
1843 3708.600000
1844 3483.800000
1845 3457.200000
1846 3460.000000
1847 3461.400000
1848 3468.600000
1849 3470.200000
1850 3474.000000
1851 3478.200000
1852 3482.600000
1853 3484.200000
1854 3488.800000
1855 3492.000000
1856 3496.800000
1857 3502.200000
1858 3504.400000
1859 3508.200000
1860 3541.200000
1861 3668.200000
1862 3517.800000
1863 3523.000000
1864 3554.000000
1865 3528.400000
1866 3533.000000
1867 3538.000000
1868 3540.200000
1869 3545.400000
1870 3548.600000
1871 3576.000000
1872 3555.000000
1873 3560.200000
1874 3562.200000
1875 3568.000000
1876 3570.600000
1877 3575.000000
1878 3578.000000
1879 3598.400000
1880 3586.200000
1881 3589.200000
1882 3594.200000
1883 3596.800000
1884 3603.600000
1885 3605.400000
1886 3608.000000
1887 3613.400000
1888 3616.800000
1889 3618.800000
1890 3624.000000
1891 3628.000000
1892 3644.800000
1893 3944.800000
1894 3641.200000
1895 3642.800000
1896 3706.800000
1897 3650.800000
1898 3653.400000
1899 3656.800000
1900 3660.400000
1901 3665.600000
1902 3666.600000
1903 3670.600000
1904 3675.400000
1905 3688.000000
1906 3682.400000
1907 3687.600000
1908 3691.400000
1909 3693.600000
1910 3755.600000
1911 3714.600000
1912 3705.800000
1913 3739.800000
1914 3714.600000
1915 3729.400000
1916 3861.000000
1917 3722.800000
1918 3726.400000
1919 3733.600000
1920 3754.000000
1921 3747.400000
1922 3743.400000
1923 3765.200000
1924 3750.400000
1925 3755.600000
1926 3778.400000
1927 3772.200000
1928 3769.200000
1929 3802.600000
1930 3791.600000
1931 3797.600000
1932 3808.000000
1933 3797.200000
1934 3803.800000
1935 3812.400000
1936 3799.600000
1937 3807.400000
1938 3806.000000
1939 3809.200000
1940 3816.000000
1941 3816.400000
1942 3820.800000
1943 3823.800000
1944 3827.000000
1945 3842.400000
1946 4109.400000
1947 3861.000000
1948 3854.000000
1949 3852.000000
1950 3851.200000
1951 3877.000000
1952 3861.000000
1953 3864.400000
1954 3866.800000
1955 3872.000000
1956 3877.800000
1957 3880.600000
1958 3885.200000
1959 3888.800000
1960 3893.400000
1961 3895.600000
1962 3913.400000
1963 3904.400000
1964 3906.800000
1965 3911.200000
1966 4031.000000
1967 4156.800000
1968 3976.600000
1969 3961.000000
1970 3932.400000
1971 3934.600000
1972 3940.200000
1973 3944.000000
1974 3946.200000
1975 3950.600000
1976 3954.200000
1977 3956.600000
1978 4108.200000
1979 3986.600000
1980 4000.600000
1981 4003.800000
1982 3988.600000
1983 3981.200000
1984 4002.200000
1985 4005.400000
1986 3993.200000
1987 3997.200000
1988 4010.200000
1989 4006.400000
1990 4011.600000
1991 4020.800000
1992 4018.400000
1993 4019.000000
1994 4036.000000
1995 4121.800000
1996 4611.000000
1997 4141.600000
1998 4045.400000
1999 4049.200000
2000 4121.600000
2001 4051.600000
2002 4055.800000
2003 4061.200000
2004 4066.200000
2005 4086.200000
2006 4075.800000
2007 4078.400000
2008 4081.000000
2009 4086.800000
2010 4096.200000
2011 4121.600000
2012 4097.000000
2013 4099.600000
2014 4101.400000
2015 4107.400000
2016 4115.200000
2017 4212.600000
2018 4120.000000
2019 4124.800000
2020 4126.800000
2021 4134.200000
2022 4135.200000
2023 4149.800000
2024 4145.400000
2025 4149.800000
2026 4171.000000
2027 4158.800000
2028 4171.000000
2029 4173.600000
2030 4167.800000
2031 4173.800000
2032 4180.800000
2033 4190.600000
2034 4184.400000
2035 4188.600000
2036 4191.400000
2037 4197.400000
2038 4201.800000
2039 4216.200000
2040 4209.600000
2041 4213.600000
2042 4217.600000
2043 4223.000000
2044 4237.200000
2045 4230.600000
2046 4233.200000
2047 4237.600000
2048 4242.400000
2049 4248.200000
2050 4248.800000
2051 4254.200000
2052 4294.400000
2053 4262.400000
2054 4267.200000
2055 4274.400000
2056 4273.600000
2057 4276.400000
2058 4281.000000
2059 4287.800000
2060 4456.600000
2061 4728.400000
2062 4872.600000
2063 4507.400000
2064 4488.400000
2065 4313.600000
2066 4339.400000
2067 4319.200000
2068 4323.800000
2069 4328.800000
2070 4332.600000
2071 4373.600000
2072 4339.600000
2073 4362.600000
2074 4347.000000
2075 4360.200000
2076 4372.000000
2077 4361.000000
2078 4373.800000
2079 4368.800000
2080 4657.200000
2081 4414.000000
2082 4381.800000
2083 4411.200000
2084 4394.400000
2085 4450.200000
2086 4415.800000
2087 4403.200000
2088 4407.600000
2089 4410.600000
2090 4427.000000
2091 4428.000000
2092 4421.200000
2093 4594.000000
2094 4782.800000
2095 4466.200000
2096 4499.400000
2097 4455.000000
2098 4451.000000
2099 4469.200000
2100 4482.800000
2101 4461.200000
2102 4467.800000
2103 4470.800000
2104 4484.200000
2105 4477.600000
2106 4482.800000
2107 4485.200000
2108 4569.000000
2109 4503.600000
2110 4624.600000
2111 4507.000000
2112 4507.000000
2113 4511.600000
2114 4516.200000
2115 4527.800000
2116 4521.800000
2117 4536.200000
2118 4531.800000
2119 4535.200000
2120 4540.000000
2121 4547.600000
2122 4561.200000
2123 4554.000000
2124 4561.600000
2125 4570.400000
2126 4564.800000
2127 4568.600000
2128 4583.600000
2129 4578.400000
2130 4583.000000
2131 4586.000000
2132 4588.600000
2133 4631.200000
2134 4618.400000
2135 4643.200000
2136 4608.800000
2137 4661.600000
2138 4626.800000
2139 4621.000000
2140 4625.200000
2141 4630.800000
2142 4637.200000
2143 4638.400000
2144 4642.400000
2145 4647.400000
2146 4649.200000
2147 4658.400000
2148 4657.800000
2149 4663.600000
2150 4667.200000
2151 4689.200000
2152 4816.200000
2153 4682.800000
2154 4692.800000
2155 4686.600000
2156 4693.000000
2157 4700.000000
2158 4721.000000
2159 4705.800000
2160 4713.800000
2161 4712.800000
2162 4734.600000
2163 4723.600000
2164 4726.000000
2165 4755.400000
2166 4736.600000
2167 4766.000000
2168 4746.000000
2169 4750.400000
2170 4750.200000
2171 4774.000000
2172 4761.200000
2173 4769.400000
2174 4769.400000
2175 4777.000000
2176 4793.200000
2177 4782.600000
2178 4789.000000
2179 4862.200000
2180 4797.600000
2181 4944.000000
2182 4841.000000
2183 4818.000000
2184 4814.200000
2185 4817.800000
2186 4822.800000
2187 4827.000000
2188 4834.200000
2189 4931.600000
2190 4841.600000
2191 4869.600000
2192 4848.400000
2193 4936.600000
2194 4855.400000
2195 4895.800000
2196 4869.800000
2197 4871.200000
2198 4875.800000
2199 4886.400000
2200 4893.200000
2201 4889.200000
2202 4910.000000
2203 4905.800000
2204 4913.400000
2205 4973.400000
2206 5069.800000
2207 5009.800000
2208 4919.600000
2209 5028.200000
2210 4928.600000
2211 4950.600000
2212 4960.600000
2213 5054.000000
2214 5029.000000
2215 5016.200000
2216 5027.400000
2217 5027.400000
2218 4968.800000
2219 4969.200000
2220 4977.200000
2221 5009.600000
2222 4992.000000
2223 4983.000000
2224 4990.600000
2225 4992.800000
2226 5009.200000
2227 5001.800000
2228 5008.000000
2229 5296.600000
2230 5062.600000
2231 5089.000000
2232 5032.200000
2233 5139.200000
2234 5119.800000
2235 5065.200000
2236 5041.600000
2237 5055.200000
2238 5050.800000
2239 5065.000000
2240 5060.200000
2241 5069.600000
2242 5080.800000
2243 5073.000000
2244 5078.200000
2245 5082.800000
2246 5095.000000
2247 5091.600000
2248 5097.800000
2249 5114.800000
2250 5104.000000
2251 5158.600000
2252 5115.600000
2253 5117.200000
2254 5126.200000
2255 5126.600000
2256 5143.400000
2257 5137.600000
2258 5140.400000
2259 5144.800000
2260 5153.400000
2261 5154.200000
2262 5166.600000
2263 5163.800000
2264 5169.200000
2265 5191.000000
2266 5179.000000
2267 5181.800000
2268 5229.200000
2269 5325.000000
2270 5422.200000
2271 5198.800000
2272 5360.000000
2273 5249.200000
2274 5212.400000
2275 5228.600000
2276 5221.400000
2277 5226.400000
2278 5260.600000
2279 5233.600000
2280 5248.000000
2281 5251.000000
2282 5303.200000
2283 5260.400000
2284 5270.200000
2285 5278.000000
2286 5320.200000
2287 5318.600000
2288 5277.800000
2289 5327.800000
2290 5296.200000
2291 5288.800000
2292 5420.600000
2293 5322.800000
2294 5340.400000
2295 5307.000000
2296 5314.400000
2297 5318.200000
2298 5346.000000
2299 5327.200000
2300 5348.200000
2301 5336.800000
2302 5340.800000
2303 5344.600000
2304 5366.800000
2305 5353.800000
2306 5360.400000
2307 5368.800000
2308 5397.200000
2309 5527.000000
2310 5400.400000
2311 5400.000000
2312 5385.000000
2313 5388.800000
2314 5397.600000
2315 5400.800000
2316 5404.200000
2317 5408.600000
2318 5414.000000
2319 5417.800000
2320 5422.200000
2321 5439.200000
2322 5432.400000
2323 5450.000000
2324 5458.600000
2325 5449.200000
2326 5458.800000
2327 5463.600000
2328 5460.000000
2329 5487.000000
2330 5499.800000
2331 5530.800000
2332 5477.200000
2333 5532.000000
2334 5510.800000
2335 5577.200000
2336 6050.200000
2337 5603.800000
2338 5525.400000
2339 5513.400000
2340 5525.800000
2341 5598.400000
2342 5541.200000
2343 5528.600000
2344 5535.000000
2345 5663.000000
2346 5616.200000
2347 5614.800000
2348 5551.400000
2349 5555.000000
2350 5571.200000
2351 5567.400000
2352 5569.800000
2353 5585.000000
2354 5582.400000
2355 5586.200000
2356 5591.800000
2357 5616.000000
2358 5601.800000
2359 5603.000000
2360 5607.200000
2361 5620.800000
2362 5623.800000
2363 5622.800000
2364 5628.200000
2365 5648.800000
2366 5677.400000
2367 5656.000000
2368 5660.600000
2369 5666.800000
2370 5671.200000
2371 5665.800000
2372 5740.000000
2373 5671.200000
2374 5675.000000
2375 5681.000000
2376 5690.400000
2377 5712.800000
2378 5694.200000
2379 5698.800000
2380 5767.400000
2381 5878.000000
2382 5740.200000
2383 5754.600000
2384 5742.000000
2385 5724.000000
2386 5730.000000
2387 5734.200000
2388 5786.000000
2389 5763.400000
2390 5749.200000
2391 5762.200000
2392 5774.800000
2393 5765.000000
2394 5777.800000
2395 5775.800000
2396 5794.200000
2397 5792.200000
2398 5807.600000
2399 5792.000000
2400 5799.600000
2401 5835.600000
2402 5805.800000
2403 5812.400000
2404 5814.800000
2405 5824.000000
2406 5843.400000
2407 5839.800000
2408 5834.400000
2409 5840.400000
2410 5843.000000
2411 5878.000000
2412 5854.400000
2413 5891.600000
2414 5868.800000
2415 6014.600000
2416 5890.200000
2417 5909.000000
2418 5878.000000
2419 5892.600000
2420 5892.200000
2421 5908.600000
2422 5899.200000
2423 5906.200000
2424 5912.200000
2425 5915.400000
2426 5950.800000
2427 5935.800000
2428 5932.200000
2429 5940.800000
2430 5951.000000
2431 5962.200000
2432 5949.600000
2433 5969.200000
2434 5974.000000
2435 5972.400000
2436 5969.000000
2437 6001.800000
2438 5988.800000
2439 5997.800000
2440 5997.600000
2441 6024.400000
2442 6051.800000
2443 6024.200000
2444 6009.600000
2445 6012.000000
2446 6017.600000
2447 6391.400000
2448 6224.800000
2449 6041.400000
2450 6059.400000
2451 6061.000000
2452 6045.600000
2453 6051.600000
2454 6054.000000
2455 6062.200000
2456 6063.800000
2457 6071.400000
2458 6077.000000
2459 6100.600000
2460 6085.600000
2461 6093.800000
2462 6095.600000
2463 6101.000000
2464 6109.200000
2465 6112.000000
2466 6123.200000
2467 6150.200000
2468 6151.000000
2469 6148.000000
2470 6155.800000
2471 6152.200000
2472 6146.200000
2473 6152.400000
2474 6152.200000
2475 6159.000000
2476 6165.200000
2477 6234.000000
2478 6191.200000
2479 6179.200000
2480 6385.800000
2481 6326.000000
2482 6201.200000
2483 6198.400000
2484 6205.600000
2485 6217.600000
2486 6257.400000
2487 6219.400000
2488 6233.200000
2489 6225.200000
2490 6233.000000
2491 6260.600000
2492 6241.200000
2493 6249.200000
2494 6272.200000
2495 6257.800000
2496 6298.000000
2497 6288.600000
2498 6271.600000
2499 6299.000000
2500 6311.800000
2501 6288.200000
2502 6305.200000
2503 6300.800000
2504 6305.400000
2505 6308.400000
2506 6315.800000
2507 6319.400000
2508 6333.000000
2509 6331.200000
2510 6333.200000
2511 6356.600000
2512 6428.000000
2513 6480.600000
2514 6381.600000
2515 6378.000000
2516 6360.800000
2517 6367.000000
2518 6374.800000
2519 6460.000000
2520 6385.000000
2521 6384.600000
2522 6394.000000
2523 6413.000000
2524 6403.600000
2525 6414.400000
2526 6422.800000
2527 6427.400000
2528 6423.000000
2529 6430.200000
2530 6573.000000
2531 6488.000000
2532 6506.400000
2533 6482.600000
2534 6459.000000
2535 6455.400000
2536 6470.000000
2537 6477.000000
2538 6497.000000
2539 6478.200000
2540 6571.400000
2541 6505.200000
2542 6524.200000
2543 6608.000000
2544 6588.000000
2545 6527.600000
2546 6515.800000
2547 6522.400000
2548 6533.800000
2549 6554.400000
2550 6532.800000
2551 6540.400000
2552 6625.000000
2553 6928.000000
2554 6573.200000
2555 6660.400000
2556 6567.800000
2557 6579.600000
2558 6575.400000
2559 6682.600000
2560 6583.000000
2561 6613.400000
2562 6597.000000
2563 6608.200000
2564 6604.200000
2565 6612.600000
2566 6614.000000
2567 6622.000000
2568 6633.000000
2569 6639.200000
2570 6654.400000
2571 6649.400000
2572 6695.400000
2573 6765.200000
2574 6747.400000
2575 6659.800000
2576 6669.000000
2577 6670.000000
2578 6682.800000
2579 6678.800000
2580 6687.000000
2581 6692.800000
2582 6721.400000
2583 6711.400000
2584 6707.400000
2585 6714.000000
2586 6723.000000
2587 6733.400000
2588 6729.800000
2589 6749.800000
2590 6739.200000
2591 6742.600000
2592 6745.400000
2593 6752.400000
2594 6755.200000
2595 6785.000000
2596 6769.200000
2597 6776.000000
2598 6797.800000
2599 6783.800000
2600 6864.600000
2601 6815.400000
2602 7243.000000
2603 7018.800000
2604 6825.600000
2605 6814.000000
2606 6838.200000
2607 6826.800000
2608 6830.600000
2609 6851.200000
2610 6848.600000
2611 6847.400000
2612 6850.800000
2613 6856.800000
2614 6870.800000
2615 6872.400000
2616 6872.800000
2617 6884.200000
2618 6881.200000
2619 6938.200000
2620 6923.800000
2621 6935.600000
2622 6935.200000
2623 6914.200000
2624 6913.200000
2625 6917.600000
2626 6946.400000
2627 6932.400000
2628 6931.400000
2629 6989.800000
2630 7023.800000
2631 6985.000000
2632 7113.600000
2633 6984.600000
2634 7017.600000
2635 6988.000000
2636 7002.400000
2637 6995.800000
2638 7000.800000
2639 7001.600000
2640 6994.800000
2641 7001.200000
2642 7016.800000
2643 7013.000000
2644 7035.000000
2645 7039.400000
2646 7046.000000
2647 7050.000000
2648 7067.200000
2649 7061.600000
2650 7065.200000
2651 7063.800000
2652 7065.200000
2653 7064.000000
2654 7071.600000
2655 7082.200000
2656 7089.400000
2657 7118.400000
2658 7106.200000
2659 7127.400000
2660 7186.600000
2661 7106.000000
2662 7138.400000
2663 7132.000000
2664 7128.800000
2665 7125.000000
2666 7132.600000
2667 7137.000000
2668 7158.200000
2669 7148.800000
2670 7173.600000
2671 7236.200000
2672 7243.000000
2673 7187.600000
2674 7191.600000
2675 7197.200000
2676 7339.600000
2677 7241.600000
2678 7236.000000
2679 7203.000000
2680 7217.600000
2681 7221.800000
2682 7219.400000
2683 7223.800000
2684 7229.600000
2685 7259.200000
2686 7240.000000
2687 7262.800000
2688 7382.600000
2689 7253.800000
2690 7268.200000
2691 7267.200000
2692 7291.600000
2693 7323.400000
2694 7296.400000
2695 7288.200000
2696 7336.200000
2697 7299.800000
2698 7302.400000
2699 7323.000000
2700 7316.000000
2701 7327.000000
2702 7337.400000
2703 7371.800000
2704 7360.200000
2705 7353.400000
2706 7363.400000
2707 7354.800000
2708 7357.800000
2709 7835.000000
2710 7433.200000
2711 7427.600000
2712 7388.800000
2713 7413.200000
2714 7620.800000
2715 7643.800000
2716 7416.600000
2717 7450.600000
2718 7454.400000
2719 7432.400000
2720 7452.400000
2721 7438.800000
2722 7438.400000
2723 7439.400000
2724 7451.000000
2725 7458.400000
2726 7480.200000
2727 7473.800000
2728 7464.000000
2729 7479.600000
2730 7481.400000
2731 7510.800000
2732 7489.400000
2733 7491.600000
2734 7494.200000
2735 7502.800000
2736 7509.200000
2737 7514.400000
2738 7605.600000
2739 7526.400000
2740 7877.600000
2741 7717.200000
2742 7569.200000
2743 7572.400000
2744 7561.600000
2745 7567.400000
2746 7573.200000
2747 7581.800000
2748 7569.000000
2749 7576.200000
2750 7586.600000
2751 7605.200000
2752 7593.000000
2753 7634.400000
2754 7615.800000
2755 7609.200000
2756 7654.800000
2757 7636.000000
2758 7649.000000
2759 7657.000000
2760 7651.200000
2761 7646.400000
2762 7657.600000
2763 7654.800000
2764 7677.600000
2765 7666.200000
2766 7680.800000
2767 7807.000000
2768 7711.200000
2769 7702.800000
2770 7695.000000
2771 7704.600000
2772 7706.200000
2773 7708.600000
2774 7732.800000
2775 7716.800000
2776 7752.200000
2777 7730.800000
2778 7737.000000
2779 7781.400000
2780 7765.000000
2781 7751.800000
2782 7807.600000
2783 7774.800000
2784 7779.600000
2785 7977.400000
2786 8143.000000
2787 7992.600000
2788 7817.600000
2789 7800.000000
2790 7843.600000
2791 7846.000000
2792 7831.200000
2793 8034.800000
2794 7825.200000
2795 7833.600000
2796 7880.000000
2797 7841.800000
2798 7876.600000
2799 7864.000000
2800 7868.200000
2801 7876.400000
2802 7870.000000
2803 7897.400000
2804 7891.400000
2805 7889.000000
2806 7891.400000
2807 7935.200000
2808 7902.400000
2809 7906.400000
2810 7911.800000
2811 7919.800000
2812 7923.600000
2813 7928.600000
2814 7939.000000
2815 8107.400000
2816 7946.800000
2817 8153.000000
2818 8110.200000
2819 7979.800000
2820 7980.800000
2821 7974.800000
2822 7979.400000
2823 7985.800000
2824 7992.200000
2825 8221.800000
2826 8144.200000
2827 8190.400000
2828 8015.000000
2829 8058.600000
2830 8046.200000
2831 8164.200000
2832 8308.400000
2833 8125.600000
2834 8084.400000
2835 8059.000000
2836 8060.600000
2837 8068.000000
2838 8071.600000
2839 8077.800000
2840 8092.000000
2841 8109.000000
2842 8109.800000
2843 8294.200000
2844 8110.800000
2845 8119.800000
2846 8112.400000
2847 8120.400000
2848 8135.400000
2849 8135.600000
2850 8133.800000
2851 8143.000000
2852 8147.400000
2853 8193.200000
2854 8208.200000
2855 8174.800000
2856 8189.600000
2857 8209.400000
2858 8233.200000
2859 8225.800000
2860 8194.400000
2861 8198.000000
2862 8207.000000
2863 8209.200000
2864 8245.400000
2865 8227.600000
2866 8558.800000
2867 8462.000000
2868 8256.000000
2869 8242.400000
2870 8265.400000
2871 8271.000000
2872 8312.200000
2873 8286.000000
2874 8362.000000
2875 8291.000000
2876 8372.000000
2877 8350.000000
2878 8309.200000
2879 8301.000000
2880 8366.200000
2881 8383.800000
2882 8318.800000
2883 8324.400000
2884 8330.400000
2885 8335.600000
2886 8343.000000
2887 8366.200000
2888 8354.400000
2889 8358.600000
2890 8386.600000
2891 8573.800000
2892 8380.000000
2893 8390.800000
2894 8396.200000
2895 8394.800000
2896 8406.800000
2897 8414.600000
2898 8428.800000
2899 8428.600000
2900 8448.600000
2901 8438.800000
2902 8442.800000
2903 8447.200000
2904 8454.000000
2905 8511.200000
2906 8501.400000
2907 8489.800000
2908 8467.400000
2909 8480.200000
2910 8475.800000
2911 8574.600000
2912 8529.600000
2913 8519.400000
2914 8619.000000
2915 8541.200000
2916 8531.200000
2917 8573.200000
2918 8578.200000
2919 8569.200000
2920 8572.200000
2921 8548.200000
2922 8558.400000
2923 8575.200000
2924 8626.400000
2925 8584.000000
2926 8593.600000
2927 8650.600000
2928 8625.200000
2929 8654.000000
2930 8628.400000
2931 8602.200000
2932 8608.200000
2933 8614.600000
2934 8634.800000
2935 8688.200000
2936 8646.400000
2937 8662.600000
2938 8883.200000
2939 8692.200000
2940 8670.200000
2941 8664.000000
2942 8710.400000
2943 8679.000000
2944 8688.200000
2945 8709.600000
2946 8738.400000
2947 8813.200000
2948 8714.800000
2949 8725.000000
2950 8933.000000
2951 8888.400000
2952 8750.400000
2953 8734.800000
2954 8733.800000
2955 8757.400000
2956 8749.000000
2957 8888.600000
2958 8759.200000
2959 8764.200000
2960 8906.200000
2961 8787.400000
2962 8815.200000
2963 8804.800000
2964 8792.800000
2965 8799.400000
2966 8802.800000
2967 8807.000000
2968 8824.800000
2969 8927.800000
2970 8863.400000
2971 8836.400000
2972 8843.600000
2973 8857.800000
2974 8871.800000
2975 8860.200000
2976 8872.800000
2977 8866.800000
2978 8887.200000
2979 8889.200000
2980 8884.200000
2981 8894.400000
2982 9172.200000
2983 9063.400000
2984 8915.400000
2985 8926.400000
2986 8949.800000
2987 8958.000000
2988 8932.800000
2989 8943.000000
2990 8956.600000
2991 9037.200000
2992 8957.000000
2993 8991.400000
2994 8996.200000
2995 8997.400000
2996 8991.000000
2997 8995.600000
2998 9001.400000
2999 9001.800000
3000 9018.600000
3001 9013.600000
3002 9138.600000
3003 9039.400000
3004 9041.400000
3005 9472.800000
3006 9076.400000
3007 9066.000000
3008 9078.600000
3009 9095.600000
3010 9080.600000
3011 9069.600000
3012 9092.400000
3013 9107.800000
3014 9089.600000
3015 9094.600000
3016 9127.800000
3017 9146.800000
3018 9114.600000
3019 9140.600000
3020 9124.400000
3021 9128.200000
3022 9134.000000
3023 9145.400000
3024 9151.800000
3025 9165.600000
3026 9180.600000
3027 9327.800000
3028 9241.400000
3029 9180.000000
3030 9201.200000
3031 9193.600000
3032 9204.000000
3033 9203.000000
3034 9206.200000
3035 9217.600000
3036 9234.800000
3037 9225.800000
3038 9241.000000
3039 9307.400000
3040 9302.400000
3041 9250.800000
3042 9256.200000
3043 9261.400000
3044 9267.600000
3045 9435.400000
3046 9344.000000
3047 9284.000000
3048 9475.600000
3049 9299.800000
3050 9347.800000
3051 9309.000000
3052 9317.400000
3053 9321.600000
3054 9576.400000
3055 9466.600000
3056 9519.200000
3057 9387.800000
3058 9351.400000
3059 9493.200000
3060 9687.600000
3061 9393.600000
3062 9391.000000
3063 9395.800000
3064 9397.400000
3065 9396.200000
3066 9412.000000
3067 9630.400000
3068 9411.400000
3069 9669.800000
3070 9470.400000
3071 9481.800000
3072 9447.200000
3073 9447.200000
3074 9471.000000
3075 9457.200000
3076 9469.600000
3077 9472.600000
3078 9485.800000
3079 9485.400000
3080 9492.800000
3081 9494.400000
3082 9512.800000
3083 9531.800000
3084 9524.200000
3085 9521.600000
3086 9536.400000
3087 9794.000000
3088 9583.400000
3089 9734.400000
3090 9905.200000
3091 9552.800000
3092 9560.600000
3093 9566.000000
3094 9573.600000
3095 9587.400000
3096 9600.200000
3097 9592.800000
3098 9615.600000
3099 9640.000000
3100 9609.200000
3101 9664.400000
3102 9623.600000
3103 9660.400000
3104 9632.000000
3105 9641.800000
3106 9648.200000
3107 9651.400000
3108 9660.000000
3109 9661.200000
3110 9713.400000
3111 9783.200000
3112 9681.600000
3113 9707.400000
3114 9692.400000
3115 9701.000000
3116 9713.600000
3117 9728.600000
3118 9719.200000
3119 9734.800000
3120 9773.400000
3121 9740.600000
3122 9744.400000
3123 9902.000000
3124 9757.200000
3125 10206.400000
3126 9896.200000
3127 9779.800000
3128 9784.200000
3129 9849.800000
3130 9797.400000
3131 10189.400000
3132 9815.000000
3133 9832.800000
3134 9827.000000
3135 9824.200000
3136 9832.800000
3137 9837.400000
3138 9855.000000
3139 9847.600000
3140 9866.200000
3141 9863.600000
3142 9901.000000
3143 9880.800000
3144 9877.600000
3145 9887.200000
3146 9890.600000
3147 9912.600000
3148 9912.800000
3149 9936.800000
3150 9915.400000
3151 10019.200000
3152 10073.400000
3153 9938.200000
3154 9944.600000
3155 9991.800000
3156 9964.200000
3157 9960.000000
3158 9968.800000
3159 9977.000000
3160 9989.600000
3161 9987.400000
3162 10058.400000
3163 10137.600000
3164 10018.800000
3165 10015.000000
3166 10042.600000
3167 10036.200000
3168 10027.200000
3169 10075.600000
3170 10075.600000
3171 10138.600000
3172 10063.600000
3173 10063.000000
3174 10075.400000
3175 10074.000000
3176 10081.400000
3177 10095.600000
3178 10099.000000
3179 10102.000000
3180 10115.800000
3181 10117.400000
3182 10130.600000
3183 10121.000000
3184 10131.000000
3185 10136.200000
3186 10139.600000
3187 10166.400000
3188 10157.000000
3189 10223.800000
3190 10212.400000
3191 10643.400000
3192 10216.600000
3193 10189.600000
3194 10189.800000
3195 10198.600000
3196 10207.000000
3197 10213.000000
3198 10283.000000
3199 10233.000000
3200 10239.800000
3201 10234.200000
3202 10258.200000
3203 10274.800000
3204 10290.800000
3205 10264.200000
3206 10268.400000
3207 10275.200000
3208 10360.400000
3209 10296.000000
3210 10507.400000
3211 10311.400000
3212 10309.000000
3213 10323.200000
3214 10335.200000
3215 10335.600000
3216 10379.800000
3217 10419.200000
3218 10443.400000
3219 10363.600000
3220 10355.400000
3221 10392.600000
3222 10372.600000
3223 10379.200000
3224 10383.000000
3225 10387.200000
3226 10397.400000
3227 10402.800000
3228 10408.600000
3229 10423.400000
3230 10551.200000
3231 10423.200000
3232 10460.600000
3233 10443.800000
3234 10451.200000
3235 10452.000000
3236 10459.200000
3237 10485.400000
3238 10520.800000
3239 10479.400000
3240 10496.400000
3241 10526.800000
3242 10498.400000
3243 10513.200000
3244 10532.800000
3245 10523.800000
3246 10762.600000
3247 10544.200000
3248 10689.200000
3249 10700.000000
3250 10569.600000
3251 10566.400000
3252 10572.000000
3253 10622.200000
3254 10978.600000
3255 10715.000000
3256 10643.600000
3257 10595.000000
3258 10690.000000
3259 10618.600000
3260 10614.800000
3261 10632.800000
3262 10629.400000
3263 10647.800000
3264 10652.400000
3265 10646.600000
3266 10705.600000
3267 10956.600000
3268 10679.800000
3269 10771.200000
3270 10688.000000
3271 10684.200000
3272 10700.600000
3273 10714.000000
3274 10707.600000
3275 10728.800000
3276 10717.800000
3277 10823.400000
3278 10912.000000
3279 10782.000000
3280 10775.800000
3281 10813.200000
3282 10755.200000
3283 10877.800000
3284 10782.800000
3285 11157.200000
3286 11423.600000
3287 10834.200000
3288 10845.600000
3289 10880.800000
3290 10843.000000
3291 10824.600000
3292 10928.600000
3293 10967.400000
3294 10889.600000
3295 10841.600000
3296 10887.000000
3297 10867.800000
3298 10915.800000
3299 10911.800000
3300 10900.400000
3301 10925.400000
3302 11042.600000
3303 10966.000000
3304 11103.800000
3305 10912.600000
3306 10914.000000
3307 10937.000000
3308 10927.400000
3309 10973.000000
3310 10939.800000
3311 10988.000000
3312 11004.000000
3313 10996.200000
3314 10965.000000
3315 10984.200000
3316 10997.400000
3317 10983.000000
3318 11022.200000
3319 11065.800000
3320 11006.000000
3321 11234.000000
3322 11308.800000
3323 11041.600000
3324 11182.800000
3325 11068.000000
3326 11128.800000
3327 11055.800000
3328 11085.400000
3329 11088.600000
3330 11110.600000
3331 11093.000000
3332 11120.000000
3333 11130.200000
3334 11107.400000
3335 11134.200000
3336 11118.200000
3337 11118.800000
3338 11163.600000
3339 11141.400000
3340 11400.600000
3341 11170.400000
3342 11156.800000
3343 11242.400000
3344 11184.600000
3345 11194.000000
3346 11176.400000
3347 11190.800000
3348 11189.200000
3349 11212.000000
3350 11264.600000
3351 11217.200000
3352 11222.000000
3353 11237.600000
3354 11228.800000
3355 11333.600000
3356 11240.800000
3357 11268.600000
3358 11416.600000
3359 11272.000000
3360 11272.200000
3361 11275.200000
3362 11321.200000
3363 11287.000000
3364 11303.600000
3365 11333.400000
3366 11320.200000
3367 11404.600000
3368 11512.600000
3369 11346.400000
3370 11352.600000
3371 11348.600000
3372 11363.400000
3373 11383.600000
3374 11371.200000
3375 12159.200000
3376 11396.200000
3377 11439.200000
3378 11423.600000
3379 11447.400000
3380 11419.200000
3381 11475.400000
3382 11475.800000
3383 11421.000000
3384 11429.200000
3385 11442.200000
3386 11468.200000
3387 11445.000000
3388 11453.200000
3389 11465.600000
3390 11521.000000
3391 11482.800000
3392 11481.000000
3393 11512.800000
3394 11495.200000
3395 11499.600000
3396 11525.200000
3397 11515.200000
3398 11521.400000
3399 11529.600000
3400 11534.800000
3401 11565.400000
3402 11613.000000
3403 11558.600000
3404 12130.400000
3405 11721.400000
3406 11591.800000
3407 11621.000000
3408 11608.200000
3409 11605.600000
3410 11714.600000
3411 11634.800000
3412 11616.600000
3413 11635.800000
3414 11660.000000
3415 11637.400000
3416 11667.000000
3417 11674.600000
3418 11673.200000
3419 11706.200000
3420 11756.600000
3421 11713.600000
3422 11697.000000
3423 11701.000000
3424 11799.800000
3425 11778.200000
3426 11735.200000
3427 11820.600000
3428 11800.800000
3429 11727.000000
3430 11783.000000
3431 11958.000000
3432 11855.000000
3433 12271.200000
3434 11870.400000
3435 11897.400000
3436 11797.200000
3437 11782.000000
3438 11793.200000
3439 11794.400000
3440 11821.200000
3441 13106.000000
3442 12082.000000
3443 11840.200000
3444 11834.400000
3445 11859.400000
3446 11846.800000
3447 11848.600000
3448 11867.800000
3449 11867.000000
3450 11882.000000
3451 11883.000000
3452 11902.200000
3453 12095.000000
3454 11916.400000
3455 11905.200000
3456 11916.200000
3457 11918.200000
3458 11991.200000
3459 11941.000000
3460 12748.600000
3461 11981.000000
3462 11960.600000
3463 11973.200000
3464 11977.600000
3465 11976.400000
3466 11991.200000
3467 12002.200000
3468 11994.400000
3469 12155.000000
3470 12135.800000
3471 12019.400000
3472 12021.400000
3473 12040.400000
3474 12042.600000
3475 12365.600000
3476 12116.600000
3477 12189.000000
3478 12084.400000
3479 12078.600000
3480 12528.800000
3481 12159.800000
3482 12089.600000
3483 12098.400000
3484 12126.200000
3485 12141.400000
3486 12191.000000
3487 12126.800000
3488 12135.800000
3489 12152.400000
3490 12144.800000
3491 12264.000000
3492 12163.800000
3493 12367.600000
3494 12175.400000
3495 12183.400000
3496 12198.200000
3497 12195.200000
3498 12206.600000
3499 12223.600000
3500 12230.200000
3501 12237.800000
3502 12301.600000
3503 12237.400000
3504 12328.200000
3505 12251.600000
3506 12262.200000
3507 12295.400000
3508 12287.000000
3509 12308.600000
3510 12308.200000
3511 12300.400000
3512 12319.600000
3513 12318.000000
3514 12349.200000
3515 12324.400000
3516 12345.800000
3517 12353.800000
3518 12664.800000
3519 12501.200000
3520 12354.200000
3521 12369.200000
3522 12370.400000
3523 12482.600000
3524 12395.400000
3525 12430.800000
3526 12438.000000
3527 12423.600000
3528 12419.800000
3529 12432.800000
3530 12422.800000
3531 12431.400000
3532 12458.000000
3533 12446.200000
3534 12466.400000
3535 12489.000000
3536 12536.200000
3537 12590.800000
3538 12481.200000
3539 12506.800000
3540 12509.800000
3541 12510.000000
3542 13200.000000
3543 12544.000000
3544 12537.000000
3545 12538.200000
3546 12556.600000
3547 12559.400000
3548 12577.800000
3549 12565.000000
3550 12676.200000
3551 13238.200000
3552 12701.200000
3553 12611.400000
3554 12606.800000
3555 12697.600000
3556 12617.600000
3557 12695.200000
3558 12967.000000
3559 12684.600000
3560 12643.400000
3561 12702.400000
3562 12662.000000
3563 12684.200000
3564 12696.200000
3565 12678.400000
3566 12712.000000
3567 12691.000000
3568 12691.200000
3569 12717.400000
3570 12711.000000
3571 12713.800000
3572 12714.400000
3573 12809.800000
3574 12750.800000
3575 12748.800000
3576 12756.400000
3577 12797.800000
3578 12768.200000
3579 12765.400000
3580 12772.800000
3581 12795.200000
3582 12806.600000
3583 12801.600000
3584 12878.600000
3585 12820.000000
3586 12911.600000
3587 12845.200000
3588 12881.800000
3589 12866.600000
3590 12852.400000
3591 12861.400000
3592 13163.800000
3593 13031.200000
3594 12959.000000
3595 12890.600000
3596 13151.400000
3597 13171.600000
3598 12940.400000
3599 12927.000000
3600 12924.400000
3601 13085.400000
3602 13244.400000
3603 13240.600000
3604 13166.000000
3605 12996.200000
3606 12962.600000
3607 12968.600000
3608 12996.200000
3609 12988.000000
3610 13007.200000
3611 13000.000000
3612 13004.800000
3613 13013.000000
3614 13023.200000
3615 13026.800000
3616 13035.000000
3617 13092.200000
3618 13045.200000
3619 13635.000000
3620 13096.400000
3621 13226.800000
3622 13136.600000
3623 13123.600000
3624 13195.400000
3625 13193.800000
3626 13127.600000
3627 13317.800000
3628 13162.000000
3629 13124.200000
3630 13139.200000
3631 13147.000000
3632 13217.200000
3633 13191.800000
3634 13269.800000
3635 13166.200000
3636 13192.000000
3637 13193.200000
3638 13188.200000
3639 13206.000000
3640 13242.600000
3641 13207.400000
3642 13225.600000
3643 13231.000000
3644 13774.600000
3645 13385.200000
3646 13277.800000
3647 13318.000000
3648 13257.800000
3649 13386.200000
3650 13279.000000
3651 13279.800000
3652 13289.000000
3653 13315.600000
3654 13309.800000
3655 13346.400000
3656 13316.200000
3657 13327.400000
3658 13350.400000
3659 13340.800000
3660 13355.200000
3661 13350.200000
3662 13416.400000
3663 13377.600000
3664 13686.200000
3665 13403.200000
3666 13391.800000
3667 13461.400000
3668 13428.600000
3669 13440.400000
3670 13421.600000
3671 13425.600000
3672 13461.600000
3673 13442.400000
3674 13465.800000
3675 13474.200000
3676 13486.400000
3677 13478.800000
3678 13485.600000
3679 13681.000000
3680 13661.600000
3681 13534.800000
3682 13509.200000
3683 13510.800000
3684 13541.400000
3685 13561.800000
3686 13604.200000
3687 13672.400000
3688 13549.600000
3689 13566.200000
3690 13566.600000
3691 13590.200000
3692 13619.800000
3693 13587.200000
3694 14409.800000
3695 13599.400000
3696 13619.600000
3697 13620.400000
3698 13641.200000
3699 13655.400000
3700 13636.200000
3701 13664.800000
3702 13651.400000
3703 13685.400000
3704 13663.400000
3705 13678.600000
3706 13756.000000
3707 13689.600000
3708 13835.800000
3709 13712.000000
3710 13721.800000
3711 13715.200000
3712 13792.200000
3713 13728.200000
3714 13773.200000
3715 13749.400000
3716 13951.200000
3717 13792.600000
3718 13770.800000
3719 13779.400000
3720 13801.400000
3721 13792.800000
3722 13809.200000
3723 13963.400000
3724 13853.400000
3725 13856.000000
3726 13898.400000
3727 13841.600000
3728 13849.000000
3729 13863.400000
3730 13970.600000
3731 13931.600000
3732 13939.400000
3733 13933.600000
3734 13896.000000
3735 13945.600000
3736 13958.200000
3737 14027.000000
3738 13918.600000
3739 13923.200000
3740 14252.400000
3741 14109.200000
3742 14114.200000
3743 14015.400000
3744 14017.600000
3745 14166.800000
3746 13973.000000
3747 14006.400000
3748 13987.000000
3749 14004.200000
3750 14011.000000
3751 14102.200000
3752 14020.800000
3753 14038.800000
3754 14093.000000
3755 14050.600000
3756 14049.600000
3757 14078.200000
3758 14095.400000
3759 14288.400000
3760 14083.200000
3761 14092.600000
3762 14092.400000
3763 14155.600000
3764 14312.800000
3765 14305.600000
3766 14537.800000
3767 14167.200000
3768 14203.000000
3769 14177.200000
3770 14229.400000
3771 14372.800000
3772 14168.800000
3773 14460.400000
3774 14182.800000
3775 14190.600000
3776 14193.800000
3777 14242.600000
3778 14252.000000
3779 14644.800000
3780 14458.000000
3781 14285.400000
3782 14258.600000
3783 14253.200000
3784 14276.200000
3785 14280.600000
3786 14271.400000
3787 14719.800000
3788 14314.600000
3789 14292.400000
3790 14301.600000
3791 14412.600000
3792 14315.000000
3793 14444.600000
3794 14330.800000
3795 14340.400000
3796 14360.800000
3797 14382.400000
3798 14519.800000
3799 14432.600000
3800 14606.800000
3801 14410.400000
3802 14401.200000
3803 14403.800000
3804 14402.200000
3805 14462.000000
3806 14431.800000
3807 14563.400000
3808 14455.800000
3809 14457.400000
3810 14472.600000
3811 14543.400000
3812 14512.200000
3813 14511.600000
3814 14693.200000
3815 14501.000000
3816 14495.600000
3817 14517.600000
3818 14581.800000
3819 14551.600000
3820 14586.200000
3821 14752.200000
3822 14541.600000
3823 14549.600000
3824 14570.600000
3825 14561.400000
3826 14626.000000
3827 14585.200000
3828 14886.200000
3829 14593.200000
3830 14638.000000
3831 14612.600000
3832 14620.000000
3833 14713.400000
3834 14774.200000
3835 15128.400000
3836 14718.800000
3837 14689.800000
3838 14660.400000
3839 14731.400000
3840 14695.800000
3841 14866.600000
3842 14796.600000
3843 14706.800000
3844 14727.200000
3845 14760.000000
3846 14748.400000
3847 14748.800000
3848 14866.400000
3849 14852.800000
3850 14757.600000
3851 14779.800000
3852 14783.800000
3853 14791.400000
3854 14875.000000
3855 15051.400000
3856 15159.400000
3857 15166.200000
3858 14892.400000
3859 14870.000000
3860 14835.800000
3861 15056.200000
3862 14879.400000
3863 14849.800000
3864 14863.200000
3865 14884.600000
3866 14937.400000
3867 14888.400000
3868 15219.000000
3869 14947.400000
3870 14907.400000
3871 14920.000000
3872 14991.400000
3873 14973.000000
3874 15120.600000
3875 14984.800000
3876 14978.400000
3877 15642.800000
3878 16667.000000
3879 15124.600000
3880 15091.200000
3881 15169.200000
3882 15002.000000
3883 15014.800000
3884 15022.600000
3885 15035.600000
3886 15072.600000
3887 15037.800000
3888 15159.000000
3889 15058.200000
3890 15061.200000
3891 15072.200000
3892 15087.200000
3893 15081.000000
3894 15100.400000
3895 15392.200000
3896 15127.600000
3897 15150.000000
3898 15320.000000
3899 15195.200000
3900 15192.400000
3901 15729.400000
3902 15183.200000
3903 15165.800000
3904 15215.200000
3905 15192.400000
3906 15221.000000
3907 15237.800000
3908 15391.400000
3909 15213.400000
3910 15227.400000
3911 15248.000000
3912 15254.200000
3913 15236.400000
3914 15340.200000
3915 15261.600000
3916 15314.200000
3917 15292.200000
3918 15295.600000
3919 15284.800000
3920 15293.400000
3921 15445.200000
3922 15304.600000
3923 15321.200000
3924 15373.800000
3925 15495.000000
3926 15352.000000
3927 15524.800000
3928 15392.000000
3929 15359.800000
3930 15368.000000
3931 15419.600000
3932 15439.400000
3933 15525.800000
3934 15872.400000
3935 15467.400000
3936 15460.600000
3937 15470.400000
3938 15559.400000
3939 15459.600000
3940 15523.600000
3941 15478.800000
3942 15473.400000
3943 15556.400000
3944 15473.400000
3945 15496.400000
3946 15767.000000
3947 15629.400000
3948 15514.600000
3949 15543.800000
3950 15569.800000
3951 15716.600000
3952 15691.800000
3953 15634.600000
3954 15573.600000
3955 15580.400000
3956 15580.400000
3957 15688.000000
3958 15646.400000
3959 15781.200000
3960 15609.800000
3961 15647.200000
3962 15649.400000
3963 15654.000000
3964 15638.400000
3965 15923.000000
3966 15956.000000
3967 15681.200000
3968 15673.200000
3969 15731.800000
3970 15697.400000
3971 15715.400000
3972 15909.000000
3973 15705.000000
3974 15716.800000
3975 15775.400000
3976 15845.200000
3977 15811.000000
3978 15861.800000
3979 15785.800000
3980 15785.000000
3981 15767.600000
3982 15771.800000
3983 15822.000000
3984 15956.200000
3985 15797.400000
3986 15828.000000
3987 15814.200000
3988 15818.400000
3989 15878.000000
3990 15973.200000
3991 15899.600000
3992 15860.800000
3993 15881.400000
3994 15879.600000
3995 15884.000000
3996 16169.800000
3997 16242.000000
3998 16162.400000
3999 16068.000000
4000 15948.600000
4001 16041.400000
4002 15951.800000
4003 16089.600000
4004 15950.000000
4005 15961.000000
4006 18397.200000
4007 16158.800000
4008 16102.200000
4009 16101.400000
4010 16108.000000
4011 16037.000000
4012 16063.800000
4013 16369.400000
4014 16063.000000
4015 16424.800000
4016 16247.600000
4017 16054.400000
4018 16066.200000
4019 16065.600000
4020 16103.000000
4021 16080.000000
4022 16104.400000
4023 16099.600000
4024 16102.400000
4025 16196.400000
4026 16156.800000
4027 16263.400000
4028 16753.600000
4029 16172.800000
4030 16207.800000
4031 16169.800000
4032 16210.800000
4033 16270.600000
4034 16238.600000
4035 16234.200000
4036 16234.800000
4037 16254.800000
4038 16308.000000
4039 16222.800000
4040 16373.400000
4041 16272.000000
4042 16259.000000
4043 16267.200000
4044 16315.600000
4045 16273.000000
4046 16316.200000
4047 16421.400000
4048 16877.000000
4049 16386.200000
4050 16430.000000
4051 16458.800000
4052 16504.000000
4053 16414.000000
4054 16360.600000
4055 16355.200000
4056 16371.800000
4057 16381.200000
4058 16388.200000
4059 16398.800000
4060 16423.200000
4061 16402.800000
4062 16428.800000
4063 16459.600000
4064 16578.800000
4065 16450.200000
4066 16570.000000
4067 16485.800000
4068 16461.200000
4069 16472.600000
4070 16588.600000
4071 16567.200000
4072 16522.000000
4073 16554.200000
4074 16600.000000
4075 16531.200000
4076 16771.000000
4077 16545.000000
4078 16532.200000
4079 16542.200000
4080 16548.600000
4081 16599.200000
4082 16564.800000
4083 16568.600000
4084 16585.200000
4085 16592.800000
4086 16701.600000
4087 16709.400000
4088 16803.600000
4089 17171.000000
4090 16707.600000
4091 16735.000000
4092 16680.000000
4093 16658.400000
4094 16685.000000
4095 16678.000000
4096 16685.600000
4097 16687.400000
4098 16781.400000
4099 16711.400000
4100 16925.600000
4101 16762.200000
4102 16748.600000
4103 16780.600000
4104 16912.600000
4105 16753.800000
4106 16770.800000
4107 16815.000000
4108 16821.600000
4109 16828.200000
4110 16832.000000
4111 16828.400000
4112 16973.600000
4113 16827.000000
4114 16826.400000
4115 16855.000000
4116 16869.200000
4117 16861.200000
4118 16859.400000
4119 16867.000000
4120 16901.400000
4121 16963.200000
4122 16959.000000
4123 17026.400000
4124 17069.600000
4125 16950.000000
4126 19341.000000
4127 17235.400000
4128 16988.400000
4129 17040.200000
4130 17160.600000
4131 16964.800000
4132 17000.200000
4133 16974.800000
4134 17047.200000
4135 17268.000000
4136 17071.400000
4137 17027.600000
4138 17113.600000
4139 17055.000000
4140 17040.000000
4141 17056.400000
4142 17226.800000
4143 17069.600000
4144 17066.600000
4145 17190.200000
4146 17093.600000
4147 17204.200000
4148 17770.000000
4149 17113.600000
4150 17126.400000
4151 17147.600000
4152 17138.400000
4153 17345.800000
4154 17174.000000
4155 17156.600000
4156 17177.800000
4157 17204.400000
4158 17189.800000
4159 17360.000000
4160 17217.600000
4161 17236.000000
4162 17233.200000
4163 17277.600000
4164 17315.400000
4165 17258.200000
4166 17250.600000
4167 17297.400000
4168 17340.000000
4169 17461.400000
4170 17375.600000
4171 17289.800000
4172 17332.000000
4173 17319.400000
4174 17339.600000
4175 17342.800000
4176 17368.600000
4177 17347.000000
4178 17353.600000
4179 17363.600000
4180 17396.600000
4181 17405.200000
4182 17553.200000
4183 17419.800000
4184 17414.800000
4185 17415.200000
4186 17478.200000
4187 17582.400000
4188 17599.600000
4189 17438.000000
4190 17474.000000
4191 17509.200000
4192 17893.600000
4193 17647.200000
4194 17499.200000
4195 17510.400000
4196 17523.800000
4197 17511.200000
4198 17527.800000
4199 17589.000000
4200 17575.200000
4201 17545.400000
4202 17562.000000
4203 17599.400000
4204 18322.000000
4205 18459.600000
4206 17771.400000
4207 17623.000000
4208 17681.000000
4209 17625.600000
4210 17664.400000
4211 17621.200000
4212 17635.800000
4213 17668.400000
4214 17653.600000
4215 18198.800000
4216 17762.000000
4217 17696.000000
4218 17742.200000
4219 17767.400000
4220 17729.400000
4221 17719.000000
4222 18265.200000
4223 17857.400000
4224 17759.200000
4225 17772.200000
4226 17784.800000
4227 18161.600000
4228 17816.000000
4229 17846.800000
4230 17917.800000
4231 17871.000000
4232 17830.000000
4233 18151.800000
4234 17921.000000
4235 17895.600000
4236 17852.400000
4237 18032.200000
4238 18279.600000
4239 17899.200000
4240 20158.400000
4241 18251.600000
4242 18247.400000
4243 18083.400000
4244 18009.600000
4245 17939.800000
4246 17936.200000
4247 17938.000000
4248 18009.800000
4249 18138.000000
4250 17955.600000
4251 17999.400000
4252 18002.800000
4253 18040.400000
4254 18015.800000
4255 18026.200000
4256 17994.400000
4257 18007.800000
4258 18114.000000
4259 18309.800000
4260 18219.200000
4261 18439.400000
4262 18074.000000
4263 18091.800000
4264 18079.200000
4265 18231.600000
4266 18154.600000
4267 18113.000000
4268 18151.000000
4269 18204.600000
4270 18125.000000
4271 18384.800000
4272 18140.400000
4273 18222.600000
4274 18166.800000
4275 18172.400000
4276 18174.800000
4277 18211.800000
4278 18193.000000
4279 18248.600000
4280 18200.600000
4281 18268.600000
4282 18438.600000
4283 18231.200000
4284 18238.800000
4285 18247.600000
4286 18260.600000
4287 18270.000000
4288 18283.400000
4289 18283.400000
4290 18315.200000
4291 18313.600000
4292 18304.200000
4293 18499.400000
4294 18485.000000
4295 18385.800000
4296 18351.600000
4297 18353.200000
4298 18781.400000
4299 18493.400000
4300 18400.400000
4301 18439.400000
4302 18642.600000
4303 18623.000000
4304 18429.800000
4305 18432.000000
4306 18435.800000
4307 18445.600000
4308 18470.800000
4309 18478.400000
4310 18465.600000
4311 18466.200000
4312 18469.200000
4313 18508.800000
4314 18589.800000
4315 18945.600000
4316 18519.400000
4317 18529.200000
4318 18606.800000
4319 18583.000000
4320 19502.000000
4321 18706.000000
4322 18572.400000
4323 18619.000000
4324 18647.400000
4325 18805.400000
4326 18595.200000
4327 18601.400000
4328 18635.400000
4329 18645.600000
4330 18675.800000
4331 18723.200000
4332 18678.000000
4333 18646.600000
4334 18686.000000
4335 18823.600000
4336 18891.600000
4337 18695.400000
4338 18726.800000
4339 18708.200000
4340 18719.200000
4341 19415.400000
4342 18776.200000
4343 18805.800000
4344 18815.400000
4345 18874.600000
4346 18927.600000
4347 18777.600000
4348 19369.800000
4349 18944.800000
4350 18807.400000
4351 18956.000000
4352 18919.200000
4353 18839.000000
4354 18994.000000
4355 19034.400000
4356 18883.600000
4357 19463.600000
4358 18871.600000
4359 18877.800000
4360 18915.800000
4361 18892.200000
4362 18934.000000
4363 18904.000000
4364 18912.200000
4365 19002.800000
4366 18947.200000
4367 19072.800000
4368 19578.600000
4369 19123.600000
4370 19168.200000
4371 19060.400000
4372 19075.600000
4373 18997.800000
4374 18997.800000
4375 19022.400000
4376 19133.400000
4377 19068.000000
4378 19284.800000
4379 19076.600000
4380 19065.200000
4381 19091.200000
4382 19071.400000
4383 19082.000000
4384 19782.800000
4385 19118.600000
4386 19159.400000
4387 19145.000000
4388 19314.400000
4389 19210.200000
4390 19312.600000
4391 19239.400000
4392 19174.400000
4393 19254.600000
4394 19320.800000
4395 19286.200000
4396 19277.600000
4397 19213.000000
4398 19362.600000
4399 19320.200000
4400 19701.800000
4401 19356.400000
4402 19385.000000
4403 19285.400000
4404 19569.800000
4405 19338.000000
4406 19314.000000
4407 19316.600000
4408 19310.400000
4409 19417.000000
4410 19374.200000
4411 19352.000000
4412 19342.000000
4413 19345.800000
4414 19368.600000
4415 19382.200000
4416 19382.200000
4417 19386.600000
4418 19401.400000
4419 19626.800000
4420 19897.600000
4421 19443.000000
4422 19493.800000
4423 19628.400000
4424 19444.600000
4425 19527.600000
4426 19553.200000
4427 19570.600000
4428 19649.800000
4429 19811.800000
4430 19508.200000
4431 19547.400000
4432 19548.800000
4433 19553.600000
4434 19648.000000
4435 19532.600000
4436 19539.000000
4437 19624.600000
4438 19554.600000
4439 19738.800000
4440 19613.400000
4441 19603.800000
4442 19590.200000
4443 19627.200000
4444 19623.600000
4445 19692.000000
4446 19627.400000
4447 19799.400000
4448 19678.400000
4449 19776.800000
4450 19659.000000
4451 19844.800000
4452 19893.000000
4453 19737.400000
4454 20324.000000
4455 20018.200000
4456 19738.000000
4457 19734.800000
4458 19739.000000
4459 19838.200000
4460 19750.000000
4461 19785.400000
4462 19777.800000
4463 19809.000000
4464 19835.000000
4465 19910.000000
4466 19888.400000
4467 19918.600000
4468 19866.000000
4469 19934.800000
4470 20049.600000
4471 20325.800000
4472 19900.800000
4473 19882.200000
4474 19890.200000
4475 19887.400000
4476 19898.400000
4477 19923.400000
4478 19929.800000
4479 20014.600000
4480 20093.000000
4481 19937.200000
4482 20068.800000
4483 19968.800000
4484 19986.000000
4485 20320.800000
4486 19991.400000
4487 20369.200000
4488 20093.600000
4489 20165.200000
4490 20041.400000
4491 20084.600000
4492 20071.400000
4493 20283.000000
4494 20072.400000
4495 20394.600000
4496 20158.600000
4497 20101.200000
4498 20121.000000
4499 20216.200000
4500 20140.000000
4501 20239.800000
4502 20119.600000
4503 20139.400000
4504 20468.200000
4505 20252.200000
4506 20152.600000
4507 20235.000000
4508 20202.600000
4509 20368.200000
4510 20193.400000
4511 20199.800000
4512 20221.200000
4513 20249.200000
4514 20444.000000
4515 20753.200000
4516 22779.600000
4517 21481.200000
4518 20281.000000
4519 20440.200000
4520 20732.400000
4521 20376.200000
4522 20393.600000
4523 20330.800000
4524 20526.400000
4525 20389.200000
4526 20432.600000
4527 20352.800000
4528 20382.800000
4529 20491.000000
4530 20385.800000
4531 20397.600000
4532 20424.400000
4533 20428.200000
4534 21089.800000
4535 20491.000000
4536 20424.800000
4537 20443.800000
4538 20627.400000
4539 20484.800000
4540 20466.200000
4541 20470.600000
4542 20483.400000
4543 20593.800000
4544 20520.000000
4545 20525.800000
4546 20557.400000
4547 20546.600000
4548 20645.000000
4549 20547.400000
4550 21004.000000
4551 20697.200000
4552 20733.600000
4553 20819.800000
4554 20677.800000
4555 20875.200000
4556 20818.600000
4557 21400.800000
4558 20787.000000
4559 20623.600000
4560 20686.800000
4561 20675.400000
4562 20652.200000
4563 20802.600000
4564 20675.400000
4565 20733.000000
4566 20803.000000
4567 20861.600000
4568 20716.000000
4569 21073.000000
4570 20740.200000
4571 20757.200000
4572 20752.400000
4573 20783.600000
4574 20772.800000
4575 20773.200000
4576 20840.800000
4577 20935.600000
4578 20850.200000
4579 20805.200000
4580 20836.400000
4581 20910.600000
4582 20872.400000
4583 21011.000000
4584 20896.200000
4585 20961.400000
4586 21026.800000
4587 20925.200000
4588 20884.800000
4589 20927.800000
4590 20934.600000
4591 20994.000000
4592 20936.200000
4593 20954.200000
4594 20957.600000
4595 20981.600000
4596 21126.400000
4597 21024.400000
4598 21053.600000
4599 21000.000000
4600 21016.200000
4601 21035.600000
4602 21025.600000
4603 21140.200000
4604 21245.200000
4605 21284.400000
4606 21071.800000
4607 21088.000000
4608 21186.200000
4609 21074.400000
4610 21459.200000
4611 21123.400000
4612 21125.600000
4613 21154.400000
4614 21133.200000
4615 21371.800000
4616 21449.400000
4617 21165.400000
4618 21174.000000
4619 21184.400000
4620 21185.000000
4621 21206.400000
4622 21253.200000
4623 21298.000000
4624 21368.800000
4625 21240.400000
4626 21332.000000
4627 21328.600000
4628 21287.800000
4629 21311.400000
4630 21279.000000
4631 21305.600000
4632 21342.600000
4633 21362.000000
4634 21390.200000
4635 21395.800000
4636 21341.600000
4637 21333.200000
4638 21402.000000
4639 21400.400000
4640 21398.000000
4641 21469.000000
4642 21410.000000
4643 21568.800000
4644 21641.400000
4645 21724.400000
4646 21609.800000
4647 21472.200000
4648 21455.800000
4649 21474.800000
4650 21659.000000
4651 21561.400000
4652 21659.200000
4653 21531.000000
4654 21503.400000
4655 21514.800000
4656 21515.400000
4657 21773.400000
4658 21571.800000
4659 21667.800000
4660 21587.000000
4661 21689.200000
4662 21588.400000
4663 22062.200000
4664 21594.600000
4665 21662.600000
4666 21665.200000
4667 21632.400000
4668 21627.800000
4669 21633.800000
4670 21654.000000
4671 21727.200000
4672 21676.200000
4673 21720.000000
4674 21701.200000
4675 21695.000000
4676 22186.600000
4677 21727.200000
4678 21756.800000
4679 21852.600000
4680 21874.200000
4681 21752.600000
4682 21749.400000
4683 21754.400000
4684 21838.400000
4685 21839.800000
4686 21793.400000
4687 21794.200000
4688 21825.800000
4689 21922.800000
4690 21893.200000
4691 21892.800000
4692 21854.000000
4693 21877.200000
4694 21868.000000
4695 21864.400000
4696 21904.000000
4697 21899.200000
4698 21979.600000
4699 21974.400000
4700 21925.800000
4701 21969.000000
4702 21988.000000
4703 22238.200000
4704 21952.200000
4705 21981.200000
4706 21977.800000
4707 22119.200000
4708 22317.400000
4709 22070.400000
4710 22017.400000
4711 22053.400000
4712 22029.200000
4713 22039.000000
4714 22166.800000
4715 22054.400000
4716 22295.600000
4717 22062.800000
4718 22158.800000
4719 22182.200000
4720 22100.600000
4721 22120.600000
4722 22115.800000
4723 22125.000000
4724 22154.400000
4725 22255.200000
4726 22152.800000
4727 22199.400000
4728 22177.600000
4729 22223.600000
4730 22320.400000
4731 22203.000000
4732 22279.800000
4733 22269.600000
4734 22331.800000
4735 22323.000000
4736 22639.600000
4737 22413.800000
4738 22275.600000
4739 22292.600000
4740 22314.000000
4741 22319.600000
4742 22310.600000
4743 22437.400000
4744 22332.800000
4745 22343.800000
4746 22376.200000
4747 22452.600000
4748 22528.400000
4749 22375.400000
4750 22475.200000
4751 22493.200000
4752 22546.800000
4753 22797.200000
4754 22445.600000
4755 22426.200000
4756 22508.000000
4757 22498.000000
4758 22509.400000
4759 22477.600000
4760 22497.200000
4761 22668.000000
4762 22494.000000
4763 22522.200000
4764 22537.200000
4765 22531.800000
4766 22530.200000
4767 22612.200000
4768 22723.400000
4769 22568.000000
4770 22710.400000
4771 22613.800000
4772 22601.400000
4773 22603.200000
4774 22705.400000
4775 22624.600000
4776 22640.000000
4777 22668.200000
4778 22795.400000
4779 22671.800000
4780 22710.800000
4781 22690.000000
4782 22681.200000
4783 22707.600000
4784 22734.000000
4785 22797.400000
4786 22755.200000
4787 22836.600000
4788 22763.200000
4789 22751.200000
4790 22761.600000
4791 22842.000000
4792 22900.000000
4793 22817.000000
4794 22810.200000
4795 22815.400000
4796 22959.400000
4797 23242.400000
4798 22919.400000
4799 22861.800000
4800 22980.800000
4801 22907.000000
4802 22933.400000
4803 22895.600000
4804 22907.800000
4805 23102.200000
4806 22923.800000
4807 22958.000000
4808 22945.600000
4809 23166.800000
4810 23612.200000
4811 23011.200000
4812 23082.000000
4813 23189.800000
4814 22978.400000
4815 23020.800000
4816 23018.000000
4817 23055.200000
4818 23116.600000
4819 23096.800000
4820 23151.400000
4821 23209.000000
4822 23244.600000
4823 23492.200000
4824 23359.200000
4825 23294.000000
4826 23209.600000
4827 23231.600000
4828 23210.200000
4829 23184.000000
4830 23413.600000
4831 23182.000000
4832 23154.200000
4833 23191.600000
4834 23196.400000
4835 23209.200000
4836 23186.600000
4837 23299.200000
4838 23263.800000
4839 23546.600000
4840 23401.200000
4841 23543.400000
4842 23273.800000
4843 23553.600000
4844 23362.600000
4845 23291.200000
4846 23336.600000
4847 23344.400000
4848 23460.000000
4849 23381.400000
4850 23348.400000
4851 23375.600000
4852 23429.400000
4853 23387.600000
4854 23607.600000
4855 23430.000000
4856 23554.400000
4857 23463.600000
4858 23401.400000
4859 23647.000000
4860 23713.800000
4861 23469.000000
4862 23796.600000
4863 23465.200000
4864 23457.600000
4865 23659.200000
4866 23620.200000
4867 23501.200000
4868 23543.800000
4869 23855.000000
4870 23636.000000
4871 23640.200000
4872 23685.000000
4873 23662.200000
4874 23613.000000
4875 23601.000000
4876 23653.800000
4877 23625.000000
4878 23681.400000
4879 23605.800000
4880 23669.000000
4881 23793.600000
4882 23637.400000
4883 24050.800000
4884 23668.000000
4885 23668.800000
4886 24640.600000
4887 23715.800000
4888 23763.200000
4889 23787.200000
4890 23840.200000
4891 23787.200000
4892 23810.600000
4893 23733.600000
4894 23763.600000
4895 23781.200000
4896 23778.600000
4897 23792.400000
4898 24012.600000
4899 23855.000000
4900 23827.000000
4901 23847.400000
4902 23851.200000
4903 23835.000000
4904 23907.600000
4905 23906.800000
4906 24047.800000
4907 23954.000000
4908 24348.600000
4909 23917.800000
4910 24142.400000
4911 24528.600000
4912 23963.000000
4913 24275.200000
4914 24083.000000
4915 24162.600000
4916 23969.000000
4917 24036.800000
4918 24065.400000
4919 24106.400000
4920 24041.600000
4921 24156.200000
4922 24324.400000
4923 24242.200000
4924 24139.800000
4925 24770.800000
4926 24188.000000
4927 24303.200000
4928 24230.800000
4929 24198.200000
4930 24191.600000
4931 24364.000000
4932 26834.600000
4933 24276.400000
4934 24199.400000
4935 24237.000000
4936 25023.800000
4937 24395.800000
4938 24261.600000
4939 24329.800000
4940 24190.600000
4941 24212.800000
4942 24284.400000
4943 24297.200000
4944 24327.600000
4945 24332.800000
4946 24260.400000
4947 24285.800000
4948 25790.200000
4949 24693.800000
4950 25993.400000
4951 24398.000000
4952 24454.200000
4953 24340.000000
4954 24503.600000
4955 24351.600000
4956 24855.600000
4957 24998.800000
4958 24407.800000
4959 24387.400000
4960 24409.800000
4961 24403.800000
4962 24430.200000
4963 24418.000000
4964 24662.800000
4965 24854.400000
4966 24641.400000
4967 24612.200000
4968 24663.000000
4969 24588.000000
4970 24593.800000
4971 24512.000000
4972 24732.600000
4973 24581.800000
4974 24535.000000
4975 24588.800000
4976 24661.400000
4977 24623.000000
4978 24639.000000
4979 24709.800000
4980 24741.200000
4981 24618.000000
4982 24666.600000
4983 24682.200000
4984 24658.600000
4985 24653.800000
4986 24835.800000
4987 24810.600000
4988 24790.800000
4989 25023.400000
4990 24833.600000
4991 24935.600000
4992 24734.400000
4993 24788.200000
4994 24931.400000
4995 24750.800000
4996 24991.400000
4997 24787.600000
4998 24814.000000
4999 24855.200000
